1.00017;-3.90625e-05;2.77465
2.02728;-3.90625e-05;2.73451
3.0551;-3.90625e-05;3.38786
4.08966;0.000273438;4.1635
5.15359;0.000664063;4.566
6.20266;0.00101562;4.77054
7.24696;0.00152344;5.2136
8.29653;0.00199219;5.65709
9.34004;0.00242188;6.15743
10.3615;0.0028125;6.5117
11.4511;0.00320312;6.86857
12.5609;0.00359375;6.98683
13.6241;0.00410156;7.57324
14.6359;0.00476563;8.10529
15.7084;0.00539062;8.56939
16.8394;0.00601562;9.01511
17.8753;0.0065625;9.39188
18.9532;0.00710937;9.75774
20.0719;0.00777344;10.1141
21.2304;0.00859375;10.462
22.2544;0.00929687;10.7031
23.3064;0.01;11.0412
24.3861;0.0107031;11.3238
25.4929;0.0114062;11.6022
26.6265;0.0123828;11.8769
27.7866;0.0133203;12.1482
28.9728;0.0142578;12.369
29.981;0.0150391;12.6378
31.007;0.0158203;12.8106
32.0507;0.0167969;13.0286
33.1114;0.0177734;13.2695
34.1859;0.01875;13.3818
35.2663;0.0197266;13.3982
36.3455;0.0207031;13.3829
37.4174;0.0216797;13.1955
38.4758;0.0226562;13.0755
39.5245;0.0236328;12.9675
40.5667;0.0246094;12.9005
41.6056;0.0255859;12.8727
42.6439;0.0265625;12.8842
43.6841;0.0275391;12.9103
44.728;0.0285937;12.9654
45.7773;0.0297656;13.0387
46.8332;0.0309375;13.1489
47.8965;0.0321094;13.2064
48.9606;0.0332812;13.1906
50.0245;0.0344531;13.2313
51.1052;0.035625;13.5528
52.207;0.0369141;13.7589
53.3294;0.0382813;14.0702
54.4723;0.0396484;14.3223
55.6353;0.0410156;14.5704
56.8181;0.0425391;14.7625
58.0204;0.0441016;15.055
59.242;0.0457031;15.2919
60.4825;0.0472656;15.5255
61.4884;0.0485156;15.7101
62.5059;0.0499219;15.8436
63.527;0.0513281;15.8313
64.548;0.0527344;15.8163
65.5731;0.0541406;16.0176
66.6115;0.0555469;16.1654
67.6626;0.0569531;16.3632
68.7263;0.0583594;16.6077
69.8022;0.0598047;16.7953
70.8901;0.0613672;16.9787
71.9897;0.0629297;17.1095
73.1013;0.0644922;17.3336
74.2236;0.0660938;17.5054
75.3569;0.0678125;17.6738
76.5009;0.0695312;17.839
77.6555;0.07125;18.0012
78.8205;0.0730078;18.1167
79.9946;0.0748828;18.2302
81.1698;0.0767578;18.217
82.3439;0.0786328;18.2429
83.5251;0.0805078;18.37
84.7175;0.0823828;18.5878
85.9206;0.0842578;18.7061
87.134;0.0862109;18.8628
88.3571;0.0882422;19.0536
89.5896;0.0902734;19.1565
90.8311;0.0923047;19.2945
92.0813;0.0943359;19.4645
93.3399;0.0965234;19.5561
94.6066;0.0987109;19.6807
95.8812;0.100898;19.802
97.1635;0.103086;19.9538
98.4534;0.105273;20.069
99.7484;0.1075;20.0796
101.043;0.109844;20.0606
102.336;0.112187;20.0488
103.63;0.114531;20.0743
104.927;0.116875;20.1332
106.227;0.119258;20.1714
107.531;0.121602;20.2547
108.84;0.124102;20.335
110.153;0.126602;20.3921
111.473;0.129102;20.479
112.798;0.131602;20.5709
114.129;0.134102;20.6669
115.131;0.136016;20.771
116.137;0.138008;20.8173
117.147;0.14;20.895
118.161;0.141992;21.0008
119.178;0.143984;21.0545
120.2;0.145977;21.168
121.225;0.147969;21.2184
122.255;0.149961;21.3345
123.288;0.15207;21.3859
124.326;0.15418;21.4707
125.367;0.156289;21.5223
126.407;0.158398;21.5081
127.447;0.160508;21.4918
128.487;0.162617;21.552
129.532;0.164727;21.6598
130.581;0.166992;21.7655
131.636;0.169219;21.8682
132.696;0.171445;21.9301
133.76;0.173672;22.0282
134.83;0.175937;22.1602
135.904;0.178281;22.2171
136.982;0.180625;22.3434
138.064;0.182969;22.4321
139.151;0.185312;22.5192
140.241;0.187695;22.6047
141.336;0.190156;22.6557
142.435;0.192617;22.7716
143.538;0.195078;22.8534
144.645;0.197539;22.902
145.756;0.2;23.0138
146.87;0.2025;23.0612
147.989;0.205078;23.1707
149.111;0.207656;23.2482
150.237;0.210234;23.325
151.366;0.212812;23.4012
152.5;0.215391;23.4464
153.637;0.218008;23.5521
154.777;0.220703;23.5966
155.921;0.223398;23.7013
157.069;0.226133;23.7453
158.221;0.228828;23.849
159.376;0.231523;23.9224
160.534;0.234336;23.9657
161.696;0.237148;24.0684
162.862;0.239961;24.1113
164.031;0.242773;24.1838
165.203;0.245586;24.256
166.379;0.248437;24.328
167.559;0.251367;24.4294
168.742;0.254297;24.501
169.928;0.257227;24.5724
171.118;0.260156;24.6144
172.311;0.263125;24.6856
173.508;0.266172;24.7566
174.708;0.269219;24.8275
175.912;0.272266;24.9275
177.119;0.275312;24.9689
178.329;0.278359;25.0394
179.543;0.281523;25.1332
180.761;0.284687;25.2092
181.981;0.287852;25.2502
183.205;0.291055;25.3494
184.433;0.294258;25.3902
185.664;0.297539;25.4891
186.898;0.30082;25.5588
188.135;0.304102;25.6284
189.376;0.307383;25.6979
190.621;0.310664;25.7673
191.868;0.314063;25.8076
193.119;0.317461;25.9058
194.374;0.320859;25.9459
195.631;0.324258;26.0439
196.892;0.327656;26.1128
198.157;0.331172;26.1527
199.424;0.334688;26.2214
200.695;0.338203;26.3189
201.97;0.341719;26.3874
203.247;0.345234;26.427
204.528;0.348867;26.4954
205.813;0.3525;26.5925
207.1;0.356133;26.6318
208.391;0.359766;26.7287
209.685;0.363438;26.7678
210.983;0.367227;26.8645
212.283;0.370977;26.9323
213.587;0.374727;26.9712
214.895;0.378477;27.0388
216.205;0.382344;27.1063
217.519;0.386211;27.2025
218.836;0.390078;27.2698
220.156;0.393945;27.3371
221.48;0.397852;27.3755
222.807;0.401836;27.4426
224.137;0.40582;27.5383
225.47;0.409805;27.6051
226.807;0.413789;27.6433
228.146;0.417891;27.71
229.489;0.421992;27.8052
230.836;0.426094;27.8723
232.193;0.430234;27.9321
233.545;0.434375;27.9763
234.901;0.438594;28.0426
236.26;0.442813;28.1373
237.622;0.447031;28.1748
238.988;0.451289;28.2409
240.357;0.455625;28.3068
241.728;0.459961;28.4011
243.103;0.464297;28.4668
244.482;0.468633;28.5325
245.863;0.473086;28.5695
247.247;0.477539;28.6635
248.635;0.481992;28.7004
250.026;0.486445;28.7941
251.42;0.490898;28.8309
252.817;0.495469;28.9244
254.218;0.500039;28.9611
255.622;0.504609;29.026
257.028;0.50918;29.1193
258.438;0.513867;29.184
259.851;0.518555;29.2487
261.267;0.523242;29.3133
262.686;0.52793;29.3778
264.108;0.532695;29.4422
265.534;0.5375;29.5065
266.962;0.542305;29.5424
268.394;0.547109;29.6349
269.828;0.55207;29.699
271.266;0.556992;29.7629
272.707;0.561914;29.7985
274.151;0.566836;29.8624
275.598;0.571875;29.9544
277.048;0.576914;30.018
278.501;0.581953;30.0533
279.958;0.586992;30.145
281.417;0.592148;30.2084
282.879;0.597305;30.2434
284.345;0.602461;30.3067
285.813;0.607617;30.398
287.285;0.612773;30.4328
288.759;0.618047;30.4958
290.237;0.62332;30.5868
291.718;0.628594;30.6214
293.201;0.633867;30.7122
294.688;0.639141;30.7467
296.178;0.644453;30.8093
297.669;0.649844;30.8294
299.16;0.655234;30.8089
300.65;0.660625;30.7844
302.14;0.666016;30.8329
303.633;0.671406;30.8903
305.128;0.676797;30.9479
306.626;0.682305;30.9789
307.626;0.685977;31.0435
308.628;0.689648;31.0553
309.631;0.69332;31.0934
310.635;0.696992;31.1314
311.64;0.700664;31.1956
312.646;0.704375;31.2335
313.654;0.708125;31.2713
314.663;0.711875;31.3091
315.673;0.715625;31.3206
316.684;0.719375;31.3845
317.697;0.723125;31.4221
318.71;0.726875;31.4597
319.725;0.730625;31.4972
320.741;0.734375;31.5347
321.759;0.738242;31.5459
322.777;0.74207;31.6095
323.797;0.745898;31.6207
324.818;0.749727;31.6841
325.84;0.753555;31.6952
326.863;0.757461;31.7586
327.888;0.761367;31.7882
328.914;0.765273;31.8253
329.94;0.76918;31.8439
330.969;0.773125;31.8809
331.998;0.777109;31.9179
333.028;0.781133;31.981
334.06;0.785117;32.0179
335.093;0.789141;32.0548
336.127;0.793203;32.0656
337.162;0.797266;32.1025
338.199;0.801328;32.1393
339.237;0.805391;32.176
340.275;0.809531;32.2388
341.315;0.813672;32.2494
342.357;0.817813;32.3121
343.399;0.821953;32.3487
344.443;0.826094;32.3593
345.487;0.830312;32.3958
346.533;0.834531;32.4583
347.58;0.83875;32.4948
348.629;0.842969;32.5053
349.678;0.847187;32.5417
350.729;0.851406;32.604
351.78;0.855664;32.6144
352.833;0.859961;32.6767
353.888;0.864258;32.687
354.943;0.868555;32.7233
355.999;0.872852;32.7854
357.057;0.877148;32.8216
358.116;0.881445;32.8318
359.176;0.88582;32.8679
360.237;0.890195;32.904
361.299;0.89457;32.966
362.363;0.898945;33.002
363.427;0.90332;33.038
364.493;0.907695;33.048
365.56;0.912148;33.084
366.628;0.916602;33.1457
367.697;0.921055;33.1557
368.768;0.925508;33.2174
369.839;0.929961;33.2532
370.912;0.934414;33.2631
371.986;0.938945;33.3246
373.061;0.943477;33.3603
374.137;0.948047;33.396
375.215;0.952578;33.4316
376.293;0.957109;33.4414
377.373;0.961719;33.5028
378.453;0.966328;33.5383
379.535;0.970937;33.548
380.618;0.975547;33.6093
381.703;0.980156;33.6447
382.788;0.984805;33.6543
383.874;0.989492;33.7155
384.962;0.99418;33.7508
386.051;0.998867;33.7604
387.141;1.00355;33.8214
388.232;1.00824;33.8567
389.324;1.01301;33.8661
390.417;1.01777;33.9189
391.512;1.02254;33.9364
392.607;1.0273;33.9716
393.704;1.03207;34.0324
394.802;1.03684;34.0417
395.901;1.04168;34.1025
397.001;1.04652;34.1375
398.102;1.05137;34.1468
399.204;1.05621;34.1819
400.308;1.06109;34.2425
401.412;1.06613;34.2775
402.517;1.07148;34.3046
403.624;1.07742;34.3221
404.732;1.08434;34.3567
405.841;1.09273;34.3909
406.951;1.10324;34.4488
408.062;1.11648;34.4568
409.173;1.13316;34.5111
410.286;1.15406;34.5165
411.4;1.18004;34.5421
412.514;1.21215;34.564
413.629;1.25141;34.5804
414.744;1.29867;34.5889
415.858;1.35512;34.5877
416.973;1.42156;34.5842
418.085;1.49871;34.5478
419.197;1.58762;34.5125
420.306;1.68875;34.4537
421.412;1.80277;34.3843
422.515;1.93055;34.2914
423.615;2.07227;34.1875
424.709;2.22824;34.0713
425.798;2.3993;33.9453
426.882;2.58559;33.8062
427.96;2.78664;33.6537
429.03;3.00332;33.491
430.094;3.23574;33.3319
431.15;3.48363;33.1381
432.197;3.74789;32.9565
433.236;4.02816;32.7799
434.265;4.32449;32.5861
435.285;4.63715;32.4028
436.296;4.96637;32.2081
437.296;5.31121;32.0203
438.286;5.67191;31.8333
439.264;6.04898;31.6459
440.232;6.44207;31.4513
441.188;6.85109;31.2641
442.131;7.27594;31.0919
443.062;7.71656;30.912
443.98;8.17238;30.7531
444.885;8.64328;30.5949
445.777;9.12941;30.4443
446.656;9.63016;30.3023
447.52;10.1452;30.1573
448.37;10.6746;30.0451
449.62;11.4949;29.863
450.836;12.3457;29.7174
452.021;13.2267;29.5914
453.17;14.1374;29.4844
454.286;15.0749;29.3596
455.366;16.0379;29.2324
456.412;17.0254;29.1786
457.427;18.0376;29.1549
458.411;19.0735;29.1308
459.367;20.1318;29.1489
460.296;21.2122;29.2136
461.201;22.3137;29.2393
462.081;23.4327;29.3364
462.943;24.5676;29.3868
463.792;25.7155;29.5029
464.632;26.8734;29.5582
465.469;28.0377;29.6389
466.308;29.2067;29.7419
467.152;30.3757;29.7755
468.002;31.5416;29.8626
468.861;32.7044;29.8882
469.73;33.8638;29.9713
470.608;35.0195;29.9984
471.495;36.1717;30.0851
472.391;37.3222;30.1451
473.294;38.4705;30.2066
474.201;39.6183;30.2684
475.109;40.7684;30.3024
476.015;41.9232;30.3837
476.917;43.0848;30.4094
477.812;44.2551;30.476
478.696;45.4361;30.508
479.568;46.6312;30.5292
480.423;47.838;30.52
481.259;49.0573;30.545
482.075;50.2898;30.5395
482.87;51.5361;30.5076
483.642;52.7984;30.5046
484.389;54.0771;30.4668
485.106;55.368;30.4272
485.795;56.6705;30.3848
486.457;57.9861;30.3207
487.09;59.3152;30.2631
487.691;60.6586;30.1921
488.257;62.0117;30.1421
488.79;63.3734;30.0587
489.292;64.7454;29.9857
489.76;66.1264;29.9258
490.192;67.5158;29.8408
490.587;68.9123;29.752
490.945;70.3141;29.6503
491.268;71.7212;29.5823
491.553;73.1325;29.4753
491.8;74.5467;29.386
492.01;75.9625;29.3162
492.181;77.3795;29.227
492.314;78.7969;29.1187
492.408;80.213;29.0309
492.464;81.6269;28.964
492.482;83.0377;28.8806
492.462;84.4446;28.8031
492.406;85.8467;28.7323
492.311;87.2429;28.649
492.181;88.6336;28.591
492.014;90.0172;28.5464
491.812;91.3938;28.5158
491.577;92.7631;28.4998
491.309;94.1254;28.5045
491.011;95.4811;28.5282
490.685;96.8308;28.5991
490.335;98.1765;28.6461
489.965;99.519;28.7325
489.58;100.861;28.8276
489.188;102.204;28.9208
488.794;103.55;29.0225
488.408;104.902;29.0886
488.035;106.259;29.1274
487.678;107.623;29.1236
487.343;108.994;29.1284
487.032;110.37;29.1199
486.746;111.753;29.1009
486.487;113.14;29.0758
486.258;114.532;29.0436
486.058;115.927;29.0315
485.889;117.326;28.9966
485.751;118.726;28.9602
485.646;120.128;28.9251
485.573;121.531;28.8684
485.533;122.933;28.8381
485.526;124.335;28.8084
485.552;125.735;28.7789
485.611;127.132;28.7748
485.703;128.526;28.7477
485.828;129.916;28.7243
485.985;131.302;28.7029
486.177;132.683;28.6821
486.402;134.058;28.6599
486.661;135.425;28.6419
486.952;136.785;28.6036
487.274;138.137;28.6164
487.627;139.48;28.5837
488.011;140.814;28.6077
488.424;142.14;28.586
488.869;143.458;28.5943
489.342;144.766;28.6066
489.843;146.062;28.6623
490.368;147.349;28.6677
490.917;148.628;28.7389
491.487;149.899;28.7569
492.077;151.163;28.8452
492.686;152.424;28.9058
493.31;153.68;28.968
493.947;154.93;29.0011
494.595;156.177;29.0964
495.251;157.424;29.1299
495.914;158.67;29.2233
496.583;159.917;29.2851
497.256;161.165;29.345
497.934;162.416;29.4021
498.615;163.666;29.4584
499.3;164.917;29.5129
499.99;166.167;29.537
500.686;167.417;29.5883
501.389;168.665;29.6377
502.102;169.912;29.6838
502.825;171.157;29.7526
503.558;172.397;29.7918
504.302;173.631;29.8293
505.058;174.861;29.8658
505.825;176.085;29.9023
506.605;177.303;29.9384
507.398;178.516;29.9479
508.204;179.724;29.9832
509.022;180.925;30.0456
509.852;182.118;30.0547
510.693;183.306;30.1181
511.546;184.488;30.1541
512.41;185.663;30.1635
513.286;186.832;30.2005
514.174;187.995;30.2366
515.072;189.151;30.2729
515.981;190.301;30.338
516.899;191.446;30.3771
517.827;192.585;30.417
518.763;193.72;30.431
519.706;194.852;30.4743
520.657;195.981;30.5459
521.613;197.107;30.5901
522.574;198.232;30.6344
523.54;199.356;30.6513
524.508;200.48;30.7226
525.48;201.605;30.7395
526.453;202.73;30.8099
527.428;203.857;30.8535
528.404;204.985;30.87
529.382;206.115;30.9133
530.362;207.245;30.983
531.345;208.376;30.9994
532.333;209.505;31.0669
532.994;210.257;31.0679
533.659;211.007;31.0916
534.328;211.754;31.1347
535.002;212.498;31.1288
535.68;213.237;31.1429
536.365;213.972;31.1528
537.057;214.701;31.179
537.754;215.424;31.158
538.459;216.14;31.1766
539.172;216.85;31.1477
539.892;217.552;31.1373
540.619;218.245;31.1254
541.354;218.931;31.1115
542.097;219.608;31.096
542.848;220.276;31.1063
543.606;220.935;31.0953
544.372;221.585;31.0607
545.146;222.226;31.0796
545.926;222.857;31.0539
546.715;223.481;31.0836
547.509;224.095;31.0915
548.311;224.701;31.0793
549.119;225.299;31.1273
549.934;225.889;31.1236
550.754;226.472;31.1826
551.579;227.049;31.1904
552.409;227.621;31.2302
553.244;228.189;31.2719
554.082;228.752;31.3466
554.923;229.314;31.3636
555.766;229.875;31.4076
556.611;230.436;31.4509
557.456;230.998;31.4919
558.302;231.562;31.5562
559.147;232.129;31.592
559.991;232.698;31.6266
560.834;233.272;31.6594
561.677;233.849;31.6661
562.518;234.429;31.7274
563.358;235.014;31.7627
564.203;235.607;31.7991
565.04;236.198;31.8381
565.877;236.793;31.8515
566.715;237.389;31.8925
567.552;237.988;31.9622
568.391;238.587;31.9785
569.231;239.186;32.0444
570.074;239.784;32.0829
570.919;240.379;32.1185
571.769;240.971;32.1268
572.622;241.559;32.1765
573.48;242.141;32.1984
574.344;242.717;32.2144
575.213;243.286;32.2249
576.087;243.848;32.2104
576.968;244.4;32.2117
577.854;244.944;32.2259
578.747;245.478;32.2163
579.646;246.001;32.1726
580.552;246.513;32.1607
581.463;247.013;32.1375
582.381;247.5;32.1096
583.305;247.975;32.0752
584.234;248.438;32.0415
585.17;248.886;32.0262
586.112;249.32;31.9682
587.059;249.741;31.9456
588.011;250.147;31.8879
588.968;250.538;31.8466
589.931;250.914;31.8022
590.897;251.276;31.7784
591.868;251.621;31.719
592.844;251.951;31.6984
593.824;252.266;31.6409
594.807;252.566;31.6063
595.794;252.849;31.5928
596.784;253.117;31.5616
597.777;253.369;31.5348
598.774;253.604;31.5107
599.773;253.825;31.4878
600.774;254.03;31.4717
601.778;254.219;31.4607
602.784;254.392;31.4279
603.792;254.551;31.4237
604.801;254.695;31.4301
605.813;254.824;31.4341
606.826;254.939;31.4463
607.841;255.039;31.4912
608.857;255.126;31.4891
609.875;255.2;31.5189
610.894;255.261;31.5828
611.914;255.31;31.5951
612.936;255.348;31.6417
613.959;255.375;31.6922
614.984;255.393;31.7778
616.01;255.401;31.8058
617.038;255.402;31.867
618.068;255.397;31.9616
619.099;255.386;32.026
620.132;255.371;32.09
621.167;255.354;32.123
622.203;255.335;32.1853
623.242;255.315;32.2749
624.282;255.297;32.3029
625.324;255.281;32.3581
626.368;255.267;32.4388
627.414;255.257;32.4609
628.461;255.252;32.5091
629.51;255.251;32.5785
630.561;255.256;32.6273
631.613;255.266;32.6451
632.666;255.282;32.7157
633.721;255.303;32.733
634.776;255.332;32.8026
635.834;255.366;32.8201
636.892;255.407;32.8645
637.952;255.454;32.9096
639.012;255.507;32.9557
640.074;255.565;33.003
641.137;255.63;33.0514
642.202;255.699;33.1005
643.267;255.774;33.1776
644.333;255.853;33.229
645.401;255.936;33.2547
646.471;256.023;33.3344
647.541;256.113;33.3877
648.614;256.205;33.4146
649.687;256.3;33.4682
650.763;256.396;33.5485
651.84;256.493;33.6015
652.918;256.591;33.6277
653.998;256.689;33.7066
655.08;256.787;33.7325
656.163;256.884;33.8106
657.249;256.98;33.8622
658.336;257.076;33.9136
659.425;257.17;33.9389
660.515;257.264;33.9902
661.608;257.356;34.0674
662.702;257.447;34.1183
663.797;257.537;34.1695
664.895;257.626;34.221
665.994;257.715;34.2467
667.094;257.803;34.2984
668.197;257.891;34.3756
669.301;257.979;34.4015
670.407;258.067;34.453
671.515;258.155;34.5044
672.624;258.245;34.5803
673.734;258.334;34.6056
674.846;258.425;34.6817
675.96;258.517;34.7324
677.075;258.61;34.7831
678.191;258.705;34.8086
679.31;258.802;34.8592
680.429;258.9;34.9347
681.551;259;34.9849
682.674;259.102;35.0339
683.798;259.206;35.0582
684.923;259.312;35.1066
686.049;259.422;35.1793
687.176;259.535;35.2267
688.305;259.652;35.2731
689.435;259.774;35.3182
690.566;259.9;35.3623
691.698;260.032;35.405
692.831;260.17;35.4227
693.964;260.313;35.4608
695.097;260.463;35.4979
696.23;260.619;35.5344
697.364;260.782;35.5916
698.498;260.954;35.6024
699.632;261.134;35.6567
700.766;261.323;35.6655
701.899;261.52;35.7199
703.033;261.727;35.7494
704.166;261.941;35.7809
705.297;262.164;35.7922
706.428;262.394;35.828
707.558;262.633;35.8832
708.689;262.88;35.9024
709.818;263.136;35.9653
710.947;263.401;35.982
712.076;263.675;36.048
713.205;263.956;36.0643
714.332;264.244;36.1078
715.457;264.538;36.1534
716.583;264.839;36.2
717.709;265.147;36.2464
718.834;265.463;36.3151
719.958;265.786;36.3585
721.082;266.117;36.3777
722.206;266.457;36.4377
723.328;266.803;36.4511
724.448;267.157;36.4847
725.566;267.519;36.5177
726.683;267.889;36.5461
727.797;268.269;36.5875
728.909;268.66;36.6032
730.018;269.063;36.6123
731.123;269.478;36.5965
732.225;269.907;36.6023
733.322;270.346;36.5715
734.411;270.797;36.5728
735.496;271.259;36.5178
736.575;271.734;36.4982
737.649;272.224;36.4662
738.714;272.728;36.3975
739.772;273.247;36.3358
740.821;273.783;36.2603
741.861;274.335;36.1823
742.891;274.901;36.0945
743.907;275.481;36.0225
744.915;276.073;35.9443
745.914;276.679;35.8402
746.902;277.3;35.7526
747.878;277.936;35.6349
748.841;278.586;35.54
749.792;279.256;35.4109
750.729;279.941;35.273
751.647;280.638;35.1652
752.55;281.348;35.0643
753.441;282.07;34.9917
754.319;282.805;34.898
755.184;283.553;34.785
756.033;284.314;34.7
756.866;285.087;34.597
757.682;285.879;34.4588
758.482;286.685;34.3359
759.26;287.5;34.23
760.018;288.326;34.1547
760.762;289.161;34.0719
761.49;290.007;34.0021
762.204;290.863;33.9249
762.9;291.729;33.8469
763.579;292.606;33.7703
764.24;293.495;33.6773
764.879;294.399;33.5473
765.498;295.311;33.4314
766.094;296.229;33.3501
766.672;297.153;33.2945
767.234;298.085;33.2153
767.779;299.024;33.1588
768.308;299.97;33.0823
768.818;300.924;33.005
769.309;301.884;32.9183
769.777;302.857;32.7967
770.224;303.838;32.6748
770.648;304.821;32.5861
771.05;305.807;32.5019
771.433;306.796;32.4116
771.8;307.79;32.3505
772.149;308.787;32.2626
772.48;309.789;32.1972
772.792;310.794;32.1015
773.085;311.802;32.0214
773.357;312.814;31.9366
773.605;313.833;31.8092
773.831;314.853;31.7095
774.034;315.87;31.6188
774.216;316.888;31.5222
774.381;317.905;31.4616
774.527;318.923;31.3736
774.656;319.941;31.3017
774.767;320.96;31.2456
774.858;321.978;31.1567
774.929;322.996;31.0811
774.976;324.015;31.0073
775.003;325.032;30.8962
775.008;326.043;30.8243
774.994;327.051;30.7837
774.962;328.056;30.7346
774.914;329.058;30.6692
774.848;330.058;30.6455
774.764;331.055;30.5811
774.604;332.544;30.546
774.405;334.025;30.5037
774.163;335.497;30.4625
773.883;336.959;30.4331
773.563;338.409;30.4229
773.207;339.849;30.423
772.817;341.279;30.4054
772.393;342.698;30.4265
771.936;344.107;30.4877
771.448;345.506;30.5291
770.93;346.896;30.5502
770.384;348.276;30.6118
769.811;349.649;30.6812
769.215;351.013;30.759
768.596;352.371;30.8738
767.959;353.724;30.9277
767.302;355.073;31.052
766.855;355.971;31.0775
766.4;356.866;31.1352
765.939;357.76;31.193
765.471;358.652;31.2822
764.998;359.543;31.307
764.52;360.433;31.3637
764.036;361.322;31.4522
763.547;362.21;31.5092
763.053;363.099;31.5346
762.554;363.987;31.591
762.049;364.875;31.6742
761.54;365.762;31.6965
761.026;366.647;31.7759
760.508;367.53;31.7966
759.985;368.412;31.8724
759.456;369.292;31.8913
758.92;370.171;31.9353
758.377;371.048;32.0006
757.825;371.922;32.0348
757.264;372.793;32.0399
756.695;373.658;32.0711
756.118;374.516;32.0768
755.531;375.369;32.0957
754.934;376.215;32.085
754.328;377.054;32.0537
753.712;377.885;32.0207
753.086;378.708;31.9704
752.447;379.521;31.8962
751.798;380.323;31.8023
751.139;381.112;31.6971
750.47;381.887;31.549
749.791;382.649;31.4342
749.103;383.397;31.2886
748.405;384.132;31.132
747.699;384.852;30.9638
746.983;385.556;30.7889
746.255;386.243;30.5537
745.146;387.242;30.2387
744.02;388.199;29.9595
742.876;389.117;29.5532
741.716;389.995;29.3507
740.539;390.832;29.05
739.35;391.628;28.672
738.486;392.174;28.4399
737.54;392.738;28.3051
736.566;393.285;27.9198
735.563;393.813;27.8011
734.545;394.312;27.5695
733.509;394.788;27.354
732.453;395.239;27.1575
731.385;395.662;26.9472
730.295;396.059;26.7432
729.193;396.424;26.5511
728.085;396.755;26.3542
726.969;397.049;26.1663
725.856;397.305;25.9643
724.743;397.525;25.8064
723.633;397.709;25.6776
722.523;397.861;25.5687
721.401;397.979;25.4357
720.275;398.065;25.327
719.174;398.116;25.2309
718.076;398.135;25.1539
716.966;398.12;25.1169
715.84;398.069;25.0674
714.704;397.984;25.0106
713.584;397.866;25.0261
712.455;397.718;25.0693
711.332;397.543;25.196
710.214;397.345;25.2922
709.093;397.128;25.3497
707.979;396.904;25.513
706.881;396.681;25.5677
705.804;396.47;25.6455
704.734;396.273;25.731
703.672;396.095;25.7236
702.618;395.936;25.7311
701.559;395.796;25.7222
700.487;395.676;25.7296
699.432;395.579;25.6982
698.382;395.505;25.6628
697.331;395.454;25.6232
696.291;395.426;25.5605
695.272;395.424;25.5264
694.268;395.442;25.4949
692.778;395.513;25.5053
691.295;395.635;25.4649
689.83;395.805;25.4936
688.397;396.018;25.5015
686.987;396.272;25.5176
685.605;396.566;25.5404
684.267;396.89;25.53
682.984;397.239;25.557
681.74;397.61;25.589
680.526;398.004;25.6195
679.323;398.427;25.6784
678.134;398.876;25.7112
676.964;399.349;25.7179
675.816;399.846;25.7465
674.678;400.371;25.7725
673.554;400.922;25.8126
672.446;401.499;25.8285
671.351;402.101;25.822
670.269;402.73;25.8605
669.201;403.386;25.8676
668.15;404.068;25.8532
667.115;404.776;25.8572
666.097;405.518;25.878
665.099;406.284;25.8473
664.127;407.075;25.8459
663.175;407.891;25.8448
662.243;408.73;25.8703
661.333;409.592;25.8671
660.445;410.477;25.8451
659.58;411.385;25.8473
658.738;412.321;25.864
657.922;413.279;25.8318
657.137;414.256;25.8524
656.378;415.253;25.8556
655.643;416.267;25.8352
654.933;417.3;25.8596
654.25;418.351;25.8664
653.593;419.419;25.8727
652.963;420.502;25.8537
652.362;421.604;25.8835
651.788;422.723;25.8869
651.245;423.854;25.8904
650.731;424.998;25.876
650.244;426.155;25.9127
649.785;427.324;25.9226
649.355;428.504;25.9406
648.952;429.695;25.9599
648.577;430.896;25.9797
648.23;432.106;26.0096
647.909;433.325;26.0127
647.616;434.552;26.0437
647.351;435.787;26.081
647.111;437.03;26.1498
646.896;438.278;26.192
646.707;439.533;26.2138
646.542;440.794;26.2668
646.4;442.06;26.3511
646.281;443.331;26.3837
646.183;444.607;26.4804
646.105;445.887;26.5494
646.045;447.172;26.6252
646.002;448.461;26.7033
645.974;449.754;26.7845
645.959;451.051;26.8694
645.954;452.352;26.9557
645.957;453.657;27.043
645.966;454.967;27.1303
645.979;456.28;27.1859
645.994;457.598;27.2716
646.009;458.92;27.3833
646.021;460.245;27.4381
646.032;461.575;27.5197
646.039;462.909;27.6297
646.043;464.246;27.6809
646.046;465.588;27.7624
646.049;466.933;27.844
646.054;468.283;27.9536
646.064;469.636;28.0032
646.08;470.992;28.0797
646.107;472.353;28.1793
646.144;473.715;28.2457
646.197;475.081;28.2814
646.265;476.449;28.3402
646.35;477.819;28.4237
646.454;479.191;28.4521
646.576;480.565;28.5086
646.717;481.939;28.5977
646.876;483.315;28.6621
647.05;484.691;28.7048
647.239;486.07;28.813
647.438;487.451;28.8971
647.647;488.834;28.9556
647.86;490.221;29.0439
648.076;491.612;29.1297
648.29;493.008;29.2388
648.499;494.407;29.3148
648.7;495.811;29.388
648.892;497.22;29.4315
649.072;498.634;29.5276
649.24;500.054;29.597
649.397;501.478;29.6401
649.543;502.908;29.7381
649.68;504.342;29.8107
649.807;505.778;29.8871
649.924;507.219;29.9635
650.031;508.666;30.0369
650.127;510.116;30.112
650.211;511.571;30.1573
650.284;513.032;30.2264
650.346;514.497;30.2881
650.395;515.962;30.3493
650.43;517.429;30.391
650.448;518.898;30.3693
650.445;520.366;30.3344
650.422;521.833;30.3326
650.373;523.303;30.3545
650.3;524.774;30.3457
650.203;526.241;30.3585
650.082;527.706;30.3868
649.935;529.169;30.3848
649.758;530.63;30.3712
649.55;532.087;30.331
649.307;533.54;30.2948
649.028;534.988;30.254
648.714;536.422;30.1799
648.37;537.846;30.1381
647.996;539.26;30.0603
647.59;540.662;29.9903
647.149;542.051;29.8739
646.671;543.424;29.7484
646.151;544.779;29.5998
645.594;546.11;29.4414
645.003;547.417;29.2911
644.379;548.703;29.1414
643.724;549.965;28.9799
643.036;551.204;28.8177
642.316;552.416;28.6526
641.557;553.599;28.4591
640.767;554.751;28.2691
639.946;555.868;28.0939
639.096;556.953;27.9075
638.218;558.005;27.7513
637.313;559.025;27.5893
636.381;560.01;27.4339
635.424;560.961;27.2887
634.441;561.875;27.1467
633.432;562.751;26.9871
632.401;563.587;26.8952
631.349;564.385;26.8135
630.278;565.147;26.7297
629.189;565.876;26.6915
628.082;566.572;26.6782
626.958;567.235;26.6878
625.813;567.866;26.7123
624.654;568.467;26.7854
623.484;569.038;26.8476
622.3;569.586;26.9202
621.106;570.115;26.9983
619.903;570.628;27.0786
618.691;571.131;27.1581
617.471;571.628;27.2019
616.244;572.12;27.3064
615.016;572.611;27.3749
613.786;573.103;27.4081
612.554;573.597;27.5027
611.319;574.094;27.5639
610.083;574.594;27.6128
608.844;575.1;27.6812
607.602;575.61;27.7069
606.362;576.122;27.7607
605.121;576.639;27.8428
603.879;577.16;27.8669
602.636;577.684;27.9192
601.392;578.212;27.988
600.144;578.742;28.0218
598.893;579.274;28.0986
597.642;579.805;28.1462
596.388;580.333;28.1642
595.13;580.858;28.2358
593.867;581.378;28.2772
592.599;581.89;28.2888
591.325;582.393;28.3242
590.044;582.887;28.3825
588.759;583.367;28.4132
587.468;583.836;28.4165
586.17;584.293;28.4742
584.867;584.739;28.5059
583.558;585.171;28.5121
582.242;585.592;28.5472
580.921;586.002;28.609
579.596;586.399;28.6187
578.266;586.787;28.6845
576.932;587.165;28.7233
575.593;587.535;28.7355
574.25;587.897;28.8031
572.903;588.251;28.8432
571.551;588.598;28.8836
570.197;588.939;28.896
568.839;589.274;28.9362
567.478;589.604;29.0041
566.114;589.929;29.0174
564.747;590.249;29.0573
563.376;590.563;29.0966
562.001;590.87;29.133
560.623;591.17;29.1939
559.242;591.461;29.2004
557.858;591.741;29.2293
556.47;592.01;29.2809
555.078;592.265;29.2784
553.682;592.505;29.2968
552.281;592.728;29.3122
550.878;592.934;29.3514
549.471;593.122;29.339
548.062;593.292;29.353
546.649;593.444;29.3955
545.234;593.577;29.4144
543.816;593.693;29.4357
542.396;593.792;29.4335
540.973;593.874;29.4617
539.549;593.942;29.5208
538.122;593.996;29.5556
536.694;594.039;29.5923
535.263;594.071;29.6313
533.831;594.094;29.6432
532.396;594.11;29.6836
530.96;594.12;29.7518
529.522;594.126;29.7646
528.082;594.129;29.8326
526.64;594.131;29.8723
525.196;594.131;29.8843
523.75;594.13;29.9506
522.302;594.129;29.9893
520.853;594.127;30.0276
519.402;594.124;30.0657
517.949;594.12;30.1035
516.494;594.114;30.1139
515.037;594.106;30.1779
513.578;594.095;30.2142
512.118;594.08;30.2231
510.656;594.06;30.2848
509.193;594.036;30.2926
507.728;594.005;30.3528
506.262;593.968;30.3599
504.794;593.924;30.4191
503.324;593.873;30.4518
501.854;593.815;30.4846
500.382;593.749;30.5178
498.909;593.677;30.5249
497.434;593.598;30.5859
495.958;593.513;30.606
494.481;593.422;30.6299
493.002;593.328;30.6929
491.522;593.231;30.7293
490.04;593.131;30.7389
488.557;593.03;30.7751
487.072;592.927;30.8112
485.585;592.825;30.8472
484.097;592.722;30.9098
482.606;592.619;30.9187
481.114;592.517;30.9544
479.62;592.415;30.99
478.125;592.313;31.0521
477.127;592.245;31.0759
476.129;592.177;31.0996
475.129;592.108;31.1231
474.129;592.039;31.1467
473.128;591.97;31.1704
472.126;591.901;31.1939
471.124;591.831;31.1908
470.121;591.761;31.2143
469.117;591.691;31.2377
468.112;591.621;31.2612
467.107;591.549;31.3113
466.101;591.478;31.3082
465.094;591.406;31.3579
464.087;591.332;31.3546
463.079;591.258;31.3776
462.07;591.182;31.4264
461.06;591.104;31.4226
460.051;591.025;31.4706
459.04;590.943;31.4662
458.029;590.859;31.5125
457.018;590.771;31.5328
456.007;590.68;31.5521
454.994;590.585;31.5706
453.982;590.486;31.5882
452.97;590.382;31.5801
451.958;590.273;31.6205
450.946;590.159;31.6347
449.934;590.038;31.6231
448.528;589.855;31.5014
447.492;589.711;31.6107
446.478;589.571;31.6252
445.467;589.427;31.6341
444.457;589.277;31.667
443.448;589.119;31.6522
442.44;588.952;31.6601
441.434;588.776;31.691
440.429;588.592;31.6983
439.426;588.399;31.6816
438.424;588.197;31.6875
437.424;587.985;31.6925
436.425;587.765;31.7199
435.429;587.536;31.6998
434.434;587.297;31.7017
433.442;587.048;31.7271
432.452;586.79;31.7287
431.465;586.522;31.7298
430.48;586.245;31.7078
429.498;585.958;31.7342
428.519;585.662;31.7125
427.542;585.356;31.7386
426.568;585.04;31.7167
425.598;584.715;31.7409
424.631;584.379;31.7413
423.667;584.034;31.7405
422.707;583.679;31.7395
421.751;583.313;31.7372
420.799;582.938;31.734
419.851;582.552;31.7092
418.907;582.157;31.7063
417.967;581.752;31.7256
417.032;581.336;31.6986
416.101;580.91;31.7158
415.176;580.474;31.6872
414.255;580.028;31.68
413.339;579.569;31.6689
412.429;579.1;31.6776
411.526;578.62;31.6645
410.63;578.13;31.6504
409.74;577.629;31.6147
408.856;577.117;31.6015
407.965;576.586;31.6127
407.043;576.022;31.5758
406.121;575.44;31.5548
405.207;574.844;31.538
404.291;574.227;31.5292
403.386;573.601;31.5406
402.458;572.939;31.5024
401.552;572.274;31.4913
400.662;571.602;31.481
399.773;570.913;31.4715
398.897;570.215;31.4633
398.031;569.503;31.4801
397.168;568.773;31.467
396.296;568.014;31.4576
395.444;567.253;31.4224
394.61;566.488;31.4148
393.78;565.708;31.4074
392.968;564.924;31.4002
392.162;564.126;31.4185
391.354;563.304;31.4112
390.546;562.457;31.3705
389.747;561.596;31.3529
388.958;560.721;31.3621
388.18;559.836;31.3153
387.399;558.921;31.29
386.628;557.99;31.2866
385.881;557.061;31.2303
385.142;556.11;31.1958
384.418;555.141;31.1502
383.703;554.154;31.1298
383;553.147;31.0862
382.312;552.127;30.9866
381.636;551.09;30.96
380.986;550.051;30.9039
380.364;549.018;30.8712
379.753;547.955;30.8109
379.163;546.883;30.7176
378.605;545.823;30.6576
378.071;544.765;30.6247
377.561;543.71;30.5671
377.075;542.657;30.4845
376.619;541.622;30.4256
376.192;540.605;30.3698
375.791;539.595;30.3326
375.406;538.575;30.2688
375.046;537.567;30.2104
374.709;536.571;30.1551
374.39;535.579;30.0788
374.09;534.587;30.0463
373.81;533.599;29.9708
373.549;532.614;29.9182
373.305;531.634;29.8692
373.081;530.655;29.8173
372.778;529.194;29.7344
372.516;527.752;29.6633
372.293;526.331;29.599
372.103;524.908;29.5632
371.946;523.484;29.5124
371.823;522.06;29.4446
371.733;520.635;29.4286
371.676;519.211;29.4004
371.649;517.787;29.3783
371.652;516.365;29.3692
371.684;514.943;29.3378
371.743;513.524;29.3772
371.827;512.105;29.3964
371.935;510.688;29.4211
372.065;509.272;29.422
372.212;507.856;29.459
372.377;506.44;29.5005
372.555;505.025;29.576
372.745;503.609;29.6224
372.944;502.192;29.6675
373.15;500.775;29.6808
373.36;499.356;29.7557
373.575;497.935;29.7677
373.793;496.513;29.8094
374.014;495.089;29.8809
374.238;493.663;29.8913
374.465;492.237;29.9597
374.697;490.809;29.9686
374.935;489.38;30.0331
375.181;487.95;30.0391
375.436;486.521;30.0973
375.701;485.092;30.0987
375.979;483.663;30.1507
376.269;482.236;30.175
376.573;480.811;30.1702
376.892;479.387;30.1929
377.224;477.965;30.2152
377.572;476.546;30.2685
377.933;475.128;30.2963
378.308;473.712;30.2998
378.695;472.298;30.333
379.095;470.886;30.3973
379.506;469.475;30.4333
379.927;468.066;30.444
380.359;466.657;30.5089
380.801;465.251;30.5464
381.253;463.845;30.5825
381.716;462.441;30.5904
382.192;461.04;30.6239
382.68;459.641;30.6521
383.182;458.246;30.6785
383.7;456.855;30.7004
384.234;455.469;30.7194
384.786;454.088;30.7342
385.356;452.715;30.7724
385.945;451.348;30.7582
386.553;449.989;30.7698
387.181;448.637;30.8057
387.829;447.295;30.8193
388.497;445.96;30.8093
389.183;444.635;30.8289
389.889;443.318;30.8827
390.611;442.009;30.9137
391.352;440.709;30.923
392.108;439.416;30.9621
392.88;438.13;31.0344
393.403;437.276;31.0629
393.932;436.426;31.0912
394.468;435.579;31.1185
395.011;434.735;31.1321
395.561;433.894;31.168
396.117;433.058;31.1678
396.68;432.225;31.2168
397.252;431.394;31.2383
397.832;430.568;31.2321
398.42;429.746;31.2706
399.016;428.931;31.2838
399.619;428.122;31.2708
400.231;427.319;31.3021
400.851;426.521;31.3077
401.48;425.731;31.3113
402.118;424.946;31.2898
402.764;424.169;31.314
403.42;423.399;31.312
404.088;422.634;31.2839
404.767;421.878;31.276
405.452;421.132;31.297
406.145;420.396;31.2717
406.845;419.668;31.3019
407.554;418.947;31.3097
408.27;418.232;31.3203
408.994;417.525;31.3345
409.724;416.825;31.3247
410.462;416.131;31.3753
411.207;415.442;31.4
411.961;414.758;31.3975
412.719;414.079;31.4533
413.479;413.407;31.4555
414.243;412.738;31.4884
415.01;412.072;31.5504
415.78;411.407;31.5544
416.551;410.742;31.6148
417.326;410.075;31.6174
418.099;409.409;31.6465
418.872;408.741;31.7
419.646;408.069;31.724
420.42;407.396;31.744
421.189;406.721;31.7378
421.956;406.045;31.7865
422.722;405.366;31.8071
423.487;404.684;31.8283
424.25;403.999;31.8503
425.012;403.313;31.8454
425.773;402.624;31.8962
426.534;401.934;31.919
427.296;401.241;31.9414
428.06;400.547;31.9619
428.823;399.855;31.9545
429.587;399.166;31.9996
430.353;398.477;32.0151
431.122;397.792;32.0027
431.894;397.109;32.0138
432.67;396.43;32.0231
433.45;395.755;32.03
434.234;395.085;32.06
435.025;394.419;32.0376
435.821;393.759;32.0622
436.622;393.105;32.0344
437.426;392.459;32.0593
438.235;391.819;32.0318
439.049;391.182;32.0575
439.867;390.554;32.0602
440.69;389.934;32.037
441.517;389.317;32.0399
442.349;388.707;32.0712
443.186;388.102;32.0788
444.029;387.502;32.0871
444.875;386.907;32.0687
445.724;386.318;32.1095
446.575;385.734;32.096
447.428;385.152;32.1121
448.284;384.573;32.1292
449.141;383.995;32.1465
449.999;383.418;32.1634
450.858;382.84;32.2062
451.717;382.261;32.1936
452.576;381.68;32.2308
453.433;381.095;32.2387
454.287;380.509;32.2456
455.138;379.919;32.2247
455.987;379.326;32.2545
456.834;378.729;32.2318
457.678;378.127;32.2609
458.518;377.521;32.2381
459.356;376.911;32.2685
460.191;376.296;32.2726
461.024;375.674;32.2502
461.853;375.049;32.2527
462.677;374.421;32.2577
463.498;373.789;32.2901
464.317;373.154;32.2701
465.134;372.515;32.2769
465.948;371.873;32.3101
466.76;371.227;32.2904
467.569;370.578;32.3222
468.375;369.924;32.3007
469.179;369.265;32.3279
469.979;368.602;32.3031
470.774;367.937;32.3009
471.565;367.267;32.297
472.351;366.592;32.3116
473.133;365.911;32.2778
473.909;365.224;32.2618
474.678;364.531;32.2601
475.44;363.831;32.2318
476.193;363.123;32.1958
476.938;362.405;32.1502
477.674;361.679;32.0958
478.397;360.947;31.9874
479.112;360.208;31.9649
479.816;359.46;31.8715
480.507;358.705;31.7954
481.187;357.941;31.6989
481.853;357.168;31.5976
482.505;356.388;31.4935
483.143;355.599;31.3818
483.764;354.799;31.1716
484.372;353.992;31.1053
484.962;353.178;30.9835
485.538;352.358;30.8703
486.373;351.114;30.6775
487.171;349.856;30.4894
487.931;348.584;30.2978
488.656;347.302;30.115
489.339;346.003;29.9124
489.981;344.694;29.7305
490.585;343.376;29.5738
491.15;342.049;29.4112
491.676;340.715;29.2432
492.165;339.374;29.1283
492.618;338.03;29.0265
493.033;336.677;28.9101
493.407;335.319;28.8031
493.745;333.957;28.7495
494.047;332.593;28.6671
494.315;331.227;28.6413
494.55;329.857;28.5528
494.753;328.488;28.5327
494.923;327.116;28.491
495.06;325.743;28.4524
495.166;324.37;28.4451
495.241;322.996;28.4107
495.287;321.623;28.3803
495.303;320.251;28.3541
495.289;318.88;28.3002
495.246;317.512;28.2685
495.172;316.146;28.2387
495.068;314.782;28.2057
494.935;313.424;28.1941
494.769;312.07;28.1311
494.573;310.721;28.0808
494.347;309.38;28.0571
494.088;308.047;27.9831
493.798;306.721;27.9315
493.477;305.407;27.8458
493.125;304.104;27.7652
492.742;302.814;27.6356
492.328;301.541;27.4889
491.883;300.285;27.3257
491.409;299.048;27.1459
490.905;297.832;26.9722
490.372;296.639;26.7867
489.81;295.468;26.5711
489.22;294.323;26.3406
488.603;293.204;26.0526
487.959;292.111;25.8936
487.288;291.047;25.689
486.592;290.009;25.508
485.87;289;25.3286
485.122;288.02;25.1724
484.35;287.069;25.0378
483.553;286.145;24.9271
482.733;285.25;24.8261
481.891;284.383;24.7657
481.027;283.542;24.703
480.143;282.727;24.6776
479.24;281.936;24.6717
478.32;281.168;24.6517
477.387;280.421;24.6194
476.442;279.693;24.5946
475.489;278.979;24.5681
474.531;278.276;24.5506
473.569;277.578;24.5455
472.607;276.882;24.5567
471.646;276.183;24.5565
470.688;275.481;24.5843
469.732;274.773;24.6076
468.779;274.06;24.6197
467.826;273.342;24.6757
466.875;272.621;24.7202
465.923;271.897;24.7691
464.967;271.173;24.7972
464.007;270.451;24.8508
463.04;269.732;24.9053
462.067;269.018;24.9856
461.086;268.311;25.0148
460.098;267.609;25.0986
459.102;266.916;25.1307
458.099;266.229;25.1424
457.09;265.55;25.1224
456.075;264.882;25.0998
455.053;264.224;25.1452
454.021;263.573;25.2332
452.979;262.932;25.3143
451.928;262.299;25.3926
450.867;261.677;25.4665
449.795;261.068;25.5633
448.709;260.473;25.5961
447.609;259.897;25.6704
446.497;259.342;25.6795
445.372;258.81;25.7323
444.234;258.303;25.7239
443.087;257.819;25.7232
441.93;257.361;25.745
440.762;256.929;25.7335
439.581;256.529;25.7007
438.387;256.164;25.6524
437.186;255.839;25.5804
435.978;255.551;25.5209
434.764;255.3;25.4594
433.547;255.083;25.4125
432.328;254.901;25.3601
431.106;254.755;25.3123
429.878;254.648;25.2517
428.647;254.582;25.1849
427.42;254.56;25.1399
426.197;254.577;25.1158
424.975;254.63;25.1031
423.758;254.714;25.0823
422.545;254.831;25.1201
421.332;254.976;25.2088
420.116;255.153;25.2765
418.9;255.361;25.3542
417.69;255.596;25.4137
416.482;255.851;25.5176
415.274;256.12;25.6478
414.065;256.399;25.7531
412.853;256.685;25.8581
411.636;256.975;25.9266
410.408;257.271;26.0229
409.176;257.569;26.1467
407.944;257.866;26.2037
406.709;258.164;26.3238
405.471;258.465;26.3779
404.231;258.771;26.4635
402.988;259.084;26.5464
401.743;259.41;26.6204
400.493;259.754;26.7131
399.248;260.114;26.7663
398.009;260.495;26.7861
396.776;260.897;26.8308
395.548;261.322;26.8722
394.327;261.771;26.8882
393.115;262.244;26.8807
391.911;262.742;26.8919
390.715;263.271;26.9094
389.533;263.83;26.8781
388.37;264.419;26.8733
387.221;265.036;26.8886
386.088;265.681;26.8809
384.972;266.354;26.854
383.872;267.053;26.8738
382.789;267.781;26.8723
381.725;268.54;26.8485
380.68;269.323;26.878
379.658;270.132;26.8893
378.655;270.966;26.8825
377.672;271.824;26.9298
376.708;272.705;26.9534
375.764;273.609;26.9579
374.84;274.534;26.9925
373.934;275.483;27.0284
373.049;276.452;27.0928
372.184;277.44;27.1108
371.339;278.447;27.1571
370.512;279.472;27.2049
369.703;280.515;27.2835
368.912;281.574;27.3393
368.138;282.648;27.3699
367.381;283.739;27.4319
366.64;284.844;27.5286
365.914;285.963;27.5987
365.202;287.094;27.6727
364.502;288.237;27.7496
363.815;289.392;27.8278
363.138;290.557;27.9081
362.47;291.733;27.9894
361.812;292.918;28.041
361.163;294.113;28.1203
360.523;295.316;28.23
359.89;296.526;28.3099
359.262;297.745;28.3895
358.642;298.972;28.4405
358.028;300.205;28.5497
357.42;301.446;28.6013
356.816;302.696;28.7108
356.218;303.952;28.7615
355.624;305.212;28.8717
355.032;306.477;28.9239
354.439;307.747;29.0344
353.845;309.021;29.1151
353.249;310.298;29.1949
352.65;311.578;29.273
352.045;312.863;29.3187
351.437;314.147;29.4196
350.824;315.43;29.4651
350.204;316.716;29.5682
349.576;318.002;29.614
348.94;319.288;29.6881
348.297;320.575;29.7912
347.646;321.863;29.8367
346.989;323.153;29.9314
346.328;324.441;29.9815
345.662;325.731;30.0577
344.99;327.023;30.1336
344.312;328.317;30.238
343.631;329.612;30.3139
342.947;330.91;30.3877
342.261;332.213;30.4588
341.574;333.518;30.5076
340.886;334.826;30.5826
340.197;336.137;30.6847
339.507;337.452;30.759
338.817;338.772;30.8089
338.129;340.092;30.8093
337.443;341.415;30.7973
336.759;342.741;30.8038
336.077;344.067;30.8693
335.395;345.396;30.9333
334.712;346.729;31.0046
334.257;347.619;31.05
333.802;348.512;31.0949
333.347;349.405;31.138
332.891;350.299;31.1832
332.434;351.197;31.2022
331.975;352.097;31.2712
331.516;352.995;31.2885
331.054;353.893;31.3315
330.589;354.792;31.3737
330.121;355.69;31.4409
329.65;356.588;31.456
329.175;357.486;31.5213
328.696;358.383;31.5597
328.214;359.279;31.5966
327.727;360.175;31.6338
327.235;361.072;31.6448
326.738;361.968;31.6783
326.237;362.859;31.713
325.731;363.749;31.7475
325.218;364.637;31.8055
324.7;365.523;31.8372
324.175;366.406;31.8675
323.644;367.286;31.8726
323.106;368.163;31.8995
322.561;369.037;31.947
322.007;369.909;31.9462
321.445;370.778;31.9637
320.876;371.641;32.0019
320.299;372.497;32.0157
319.714;373.348;32.0045
319.119;374.193;32.0345
318.515;375.033;32.0189
317.902;375.866;32.0456
317.28;376.693;32.0481
316.649;377.513;32.0485
316.006;378.326;32.046
315.352;379.133;32.0173
314.688;379.931;32.0317
314.016;380.718;32.0052
313.334;381.497;32.0248
312.644;382.267;31.998
311.944;383.03;32.016
311.235;383.783;31.989
310.516;384.528;31.9843
309.788;385.263;31.9792
309.051;385.989;31.9959
308.304;386.705;31.9658
307.547;387.411;31.9544
306.781;388.106;31.9459
306.009;388.791;31.9612
305.228;389.466;31.9562
304.438;390.131;31.9459
303.641;390.787;31.9162
302.837;391.433;31.9262
302.023;392.067;31.9104
301.202;392.692;31.8729
300.374;393.305;31.8514
299.538;393.906;31.824
298.694;394.495;31.7901
297.843;395.072;31.755
296.984;395.635;31.7166
296.119;396.187;31.6499
295.246;396.725;31.6391
294.367;397.249;31.5815
293.481;397.759;31.5512
292.587;398.256;31.5052
291.688;398.739;31.4242
290.783;399.207;31.3834
289.871;399.661;31.3615
288.954;400.102;31.34
288.031;400.527;31.2866
287.102;400.938;31.2559
286.168;401.335;31.229
285.229;401.717;31.2096
284.285;402.085;31.2223
283.336;402.44;31.2184
282.382;402.781;31.2258
281.424;403.109;31.2422
280.462;403.425;31.2668
279.495;403.728;31.2989
278.525;404.021;31.312
277.551;404.303;31.3881
276.573;404.576;31.4411
275.592;404.84;31.4994
274.607;405.098;31.5608
273.62;405.351;31.623
272.63;405.6;31.6842
271.638;405.847;31.7434
270.644;406.093;31.7713
269.648;406.339;31.8244
268.651;406.587;31.8743
267.653;406.838;31.922
266.655;407.092;31.9949
265.656;407.349;32.0399
264.656;407.61;32.0579
263.656;407.876;32.1298
262.655;408.145;32.1753
261.654;408.419;32.2218
260.653;408.696;32.2692
259.65;408.977;32.2907
258.648;409.262;32.366
257.645;409.55;32.4153
256.64;409.84;32.4647
255.635;410.133;32.4878
254.629;410.429;32.5643
253.622;410.726;32.6142
252.614;411.024;32.6374
251.604;411.323;32.7134
250.592;411.621;32.7361
249.578;411.918;32.8103
248.563;412.214;32.8317
247.545;412.508;32.8779
246.525;412.799;32.9225
245.502;413.086;32.9897
244.477;413.369;33.0058
243.449;413.647;33.0443
242.418;413.92;33.1057
241.385;414.187;33.1407
240.348;414.447;33.1738
239.309;414.7;33.1815
238.267;414.946;33.2119
237.222;415.185;33.2414
236.174;415.415;33.2945
235.123;415.638;33.3242
234.07;415.852;33.3547
233.013;416.058;33.3862
231.955;416.256;33.4197
230.893;416.447;33.43
229.829;416.63;33.4939
228.763;416.806;33.5351
227.694;416.975;33.5793
226.623;417.137;33.5994
225.55;417.295;33.6752
224.474;417.448;33.7264
223.397;417.597;33.7791
222.317;417.742;33.8055
221.236;417.886;33.8589
220.152;418.029;33.9117
219.068;418.172;33.9631
217.981;418.316;34.0389
216.894;418.461;34.0616
215.805;418.609;34.1339
214.715;418.759;34.1543
213.624;418.913;34.2241
212.532;419.071;34.2432
211.439;419.232;34.312
210.345;419.398;34.3309
209.25;419.568;34.3752
208.155;419.742;34.4451
207.059;419.92;34.4906
205.962;420.102;34.5114
204.864;420.288;34.5838
203.765;420.477;34.606
202.665;420.67;34.6796
201.564;420.865;34.7028
200.462;421.062;34.7777
199.359;421.261;34.8268
198.254;421.462;34.8504
197.148;421.664;34.9251
196.041;421.867;34.9739
194.932;422.07;34.997
193.821;422.273;35.0455
192.709;422.477;35.1191
191.595;422.679;35.1416
190.48;422.882;35.1896
189.363;423.083;35.2376
188.244;423.284;35.3106
187.124;423.484;35.3583
186.002;423.683;35.4059
184.878;423.881;35.4282
183.752;424.078;35.5012
182.625;424.275;35.5238
181.496;424.47;35.5711
180.365;424.666;35.6443
179.233;424.86;35.6919
178.099;425.054;35.7144
176.963;425.248;35.762
175.826;425.442;35.8096
174.687;425.635;35.8822
173.547;425.828;35.9046
172.405;426.022;35.9771
171.262;426.215;36.0244
170.117;426.408;36.0468
168.971;426.602;36.0942
167.823;426.796;36.1664
166.673;426.99;36.2137
165.522;427.185;36.2358
164.37;427.38;36.3079
163.216;427.576;36.3551
162.061;427.771;36.3771
160.904;427.968;36.424
159.746;428.164;36.4712
158.586;428.361;36.543
157.425;428.559;36.5899
156.263;428.757;36.6119
155.099;428.955;36.6587
153.933;429.154;36.7304
152.766;429.353;36.7523
151.598;429.553;36.799
150.428;429.753;36.8457
149.257;429.953;36.9173
148.084;430.154;36.9391
146.909;430.354;36.9857
145.734;430.556;37.0571
144.556;430.757;37.0789
143.378;430.959;37.1502
142.198;431.161;37.1719
141.016;431.363;37.2431
139.833;431.565;37.2896
138.648;431.768;37.3111
137.462;431.97;37.3822
136.274;432.172;37.4035
135.085;432.372;37.4734
133.893;432.571;37.4939
132.7;432.768;37.5382
131.506;432.963;37.5812
130.309;433.154;37.6463
129.11;433.341;37.6626
127.91;433.524;37.7006
126.707;433.702;37.7362
125.502;433.874;37.7914
124.295;434.039;37.7987
123.086;434.197;37.8253
121.875;434.347;37.8709
120.663;434.489;37.8918
119.448;434.622;37.8889
118.232;434.745;37.9059
117.014;434.859;37.944
115.794;434.964;37.9597
114.573;435.058;37.9529
113.35;435.143;37.9928
112.126;435.217;38.0116
110.901;435.281;38.0332
109.674;435.336;38.0333
108.446;435.38;38.085
107.217;435.415;38.0915
105.987;435.441;38.1262
104.756;435.459;38.1645
103.523;435.468;38.2316
102.29;435.469;38.2763
101.055;435.464;38.2981
99.8188;435.452;38.3473
98.5813;435.435;38.4237
97.3425;435.413;38.4749
96.1023;435.388;38.5262
94.8607;435.359;38.5772
93.6176;435.328;38.6017
92.3731;435.296;38.6513
91.127;435.263;38.726
89.8794;435.23;38.7741
88.6302;435.198;38.8214
87.3795;435.166;38.8427
86.1272;435.135;38.8892
84.8734;435.106;38.9354
83.6181;435.079;39.0045
82.3613;435.053;39.0527
81.1029;435.029;39.0734
79.8431;435.007;39.1193
78.5817;434.986;39.1654
77.3188;434.967;39.2367
76.0544;434.95;39.258
74.7885;434.933;39.3045
73.5211;434.917;39.376
72.2523;434.901;39.3975
70.9819;434.886;39.4686
69.7101;434.869;39.4897
68.4368;434.853;39.5597
67.162;434.834;39.6044
65.8859;434.814;39.6484
64.6084;434.791;39.6916
63.3295;434.766;39.7339
62.0494;434.738;39.7754
60.7679;434.706;39.816
59.4852;434.67;39.8556
58.2013;434.63;39.8942
56.9163;434.585;39.9321
55.6302;434.536;39.9691
54.3431;434.481;40.0055
53.0551;434.42;40.0414
51.7661;434.354;40.0769
50.4761;434.282;40.0888
49.1853;434.204;40.124
47.8938;434.12;40.1593
46.6016;434.029;40.2182
45.3086;433.933;40.2536
44.0149;433.83;40.2891
42.7206;433.72;40.3242
41.4258;433.604;40.3361
40.1303;433.482;40.3945
38.8344;433.353;40.4066
37.538;433.217;40.4648
36.2412;433.075;40.4768
34.944;432.926;40.5345
33.6465;432.77;40.5461
32.3487;432.608;40.603
31.0506;432.439;40.614
29.7523;432.262;40.6706
28.4538;432.079;40.7037
27.1553;431.889;40.7366
25.8568;431.692;40.7463
24.5584;431.487;40.8017
23.26;431.276;40.8111
21.9616;431.057;40.8434
20.6634;430.83;40.8755
19.3653;430.597;40.9317
18.0675;430.357;40.9414
16.7699;430.109;40.9747
15.4727;429.854;41.0311
14.1759;429.591;41.0646
12.8795;429.322;41.0984
11.5834;429.045;41.1322
10.2875;428.761;41.1661
8.99214;428.471;41.1765
7.69745;428.173;41.2104
6.40332;427.868;41.2675
5.10978;427.556;41.2779
3.81685;427.237;41.3114
2.5246;426.911;41.3444
1.23287;426.578;41.3774
-0.0584485;426.238;41.4088
-1.34864;425.89;41.4394
-2.63765;425.535;41.4927
-3.92552;425.173;41.5212
-5.2121;424.802;41.5261
-6.49715;424.423;41.5507
-7.78051;424.036;41.5725
-9.0629;423.639;41.5901
-10.3431;423.233;41.6205
-11.6194;422.816;41.6078
-12.8923;422.389;41.6073
-14.1611;421.951;41.6
-15.4267;421.502;41.5872
-16.6885;421.041;41.5375
-17.9443;420.568;41.4545
-19.1935;420.082;41.3576
-20.4323;419.583;41.2082
-21.6602;419.072;41.0347
-22.8775;418.549;40.8195
-24.0852;418.014;40.5838
-25.2808;417.469;40.3554
-26.4652;416.908;40.0822
-27.6379;416.334;39.8432
-28.7945;415.744;39.6148
-29.9374;415.141;39.2964
-31.0674;414.523;39.172
-32.1847;413.893;38.9625
-33.2889;413.25;38.7352
-34.3798;412.594;38.5275
-35.4575;411.921;38.2625
-36.5198;411.233;37.9631
-37.5607;410.531;37.6961
-38.5829;409.817;37.4646
-39.5889;409.09;37.2141
-40.5791;408.352;36.9922
-41.5532;407.603;36.7671
-42.5113;406.837;36.5224
-43.4504;406.057;36.2669
-44.3658;405.266;36.0653
-45.2603;404.463;35.8979
-46.1377;403.65;35.739
-46.9983;402.827;35.5963
-47.8422;401.995;35.4744
-48.6694;401.152;35.3553
-49.4801;400.296;35.2237
-50.269;399.422;35.0726
-51.0355;398.541;34.9423
-51.7757;397.654;34.8754
-52.4978;396.758;34.8172
-53.2055;395.855;34.7763
-53.8983;394.943;34.7439
-54.5757;394.022;34.7085
-55.2338;393.084;34.669
-55.8719;392.138;34.5891
-56.488;391.195;34.5918
-57.0869;390.245;34.5983
-57.6757;389.288;34.591
-58.2531;388.326;34.5657
-58.8181;387.36;34.5416
-59.3696;386.387;34.4918
-59.9065;385.405;34.4328
-60.431;384.42;34.3889
-60.9395;383.436;34.3684
-61.4385;382.447;34.3504
-61.9285;381.454;34.3315
-62.4084;380.458;34.3112
-62.8772;379.457;34.2884
-63.3349;378.453;34.2832
-63.7808;377.444;34.2405
-64.2145;376.428;34.2054
-64.6368;375.408;34.1778
-65.0447;374.386;34.0903
-65.4398;373.361;34.0645
-65.822;372.332;34.0071
-66.1912;371.301;33.9447
-66.5473;370.267;33.8801
-66.8899;369.23;33.8281
-67.2186;368.189;33.7568
-67.533;367.145;33.6673
-67.832;366.1;33.6146
-68.1168;365.052;33.5493
-68.3873;364.003;33.47
-68.6438;362.951;33.4367
-68.8869;361.899;33.3886
-69.1163;360.844;33.3485
-69.3324;359.788;33.3159
-69.5355;358.731;33.2941
-69.7265;357.672;33.2572
-69.9058;356.612;33.2809
-70.075;355.55;33.2914
-70.2346;354.488;33.3125
-70.386;353.424;33.3411
-70.5306;352.359;33.3474
-70.6697;351.293;33.4132
-70.8056;350.225;33.4517
-70.9399;349.157;33.4844
-71.0751;348.088;33.5107
-71.2134;347.019;33.5279
-71.3564;345.95;33.5333
-71.5059;344.882;33.5064
-71.6634;343.815;33.5135
-71.8288;342.749;33.4865
-72.0038;341.685;33.4329
-72.1901;340.623;33.3899
-72.3861;339.563;33.3355
-72.5948;338.507;33.2975
-72.8159;337.454;33.2127
-73.0486;336.405;33.1578
-73.2948;335.361;33.0847
-73.5546;334.321;33.0016
-73.827;333.286;32.8977
-74.1131;332.257;32.8298
-74.4145;331.234;32.7407
-74.73;330.217;32.6275
-75.0593;329.207;32.5526
-75.404;328.205;32.4464
-75.7635;327.21;32.3457
-76.1369;326.223;32.2467
-76.5247;325.245;32.1553
-76.9281;324.275;32.0818
-77.3472;323.314;31.9648
-77.7802;322.363;31.8693
-78.2289;321.423;31.7755
-78.6928;320.492;31.6803
-79.1715;319.572;31.5825
-79.6653;318.664;31.5019
-80.1739;317.767;31.4075
-80.6971;316.882;31.3163
-81.2346;316.009;31.2287
-81.7861;315.149;31.1271
-82.3514;314.3;31.0623
-82.9304;313.465;30.9836
-83.5229;312.642;30.8896
-84.1286;311.833;30.8336
-84.7471;311.037;30.7652
-85.3782;310.254;30.6823
-86.0217;309.484;30.6413
-86.6771;308.728;30.5667
-87.6824;307.619;30.5187
-88.7132;306.539;30.4672
-89.7691;305.488;30.4291
-90.8491;304.467;30.4061
-91.952;303.475;30.4012
-93.0767;302.51;30.382
-94.2223;301.571;30.4343
-95.3877;300.658;30.4718
-96.5716;299.768;30.5224
-97.7729;298.9;30.5482
-98.9904;298.051;30.6468
-100.222;297.219;30.7187
-101.466;296.401;30.7931
-102.722;295.595;30.8349
-103.988;294.799;30.9459
-105.262;294.01;31.0219
-106.115;293.486;31.0712
-106.972;292.965;31.1193
-107.832;292.446;31.1668
-108.694;291.928;31.182
-109.558;291.412;31.2601
-110.425;290.896;31.2744
-111.294;290.382;31.32
-112.166;289.868;31.3871
-113.039;289.356;31.4389
-113.915;288.844;31.4819
-114.793;288.334;31.5243
-115.674;287.825;31.5365
-116.557;287.317;31.6062
-117.442;286.811;31.6461
-118.33;286.307;31.6853
-119.22;285.804;31.7241
-120.113;285.304;31.7339
-121.008;284.805;31.7714
-121.906;284.309;31.8082
-122.807;283.816;31.872
-123.711;283.325;31.8798
-124.617;282.837;31.9419
-125.527;282.353;31.9761
-126.439;281.871;31.9828
-127.354;281.392;32.017
-128.272;280.917;32.0786
-129.192;280.444;32.0856
-130.116;279.974;32.1475
-131.042;279.507;32.1545
-131.971;279.042;32.2162
-132.902;278.581;32.2237
-133.836;278.122;32.2864
-134.772;277.664;32.3219
-135.71;277.209;32.3577
-136.65;276.755;32.3939
-137.591;276.301;32.4032
-138.535;275.849;32.4664
-139.48;275.397;32.4758
-140.426;274.946;32.5119
-141.373;274.494;32.5478
-142.322;274.041;32.6099
-143.271;273.587;32.6449
-144.22;273.132;32.6535
-145.17;272.675;32.6879
-146.121;272.216;32.748
-147.071;271.756;32.7558
-148.022;271.292;32.8153
-148.972;270.827;32.8228
-149.923;270.359;32.8821
-150.874;269.889;32.8896
-151.824;269.415;32.923
-152.774;268.94;32.9561
-153.725;268.461;33.0148
-154.675;267.98;33.0225
-155.624;267.496;33.0818
-156.574;267.01;33.1157
-157.524;266.521;33.1497
-158.474;266.03;33.184
-159.425;265.538;33.2185
-160.375;265.043;33.2531
-161.326;264.547;33.288
-162.278;264.05;33.2969
-163.23;263.551;33.3317
-164.183;263.052;33.3666
-165.137;262.552;33.4273
-166.093;262.052;33.462
-167.049;261.552;33.4967
-168.007;261.052;33.531
-168.966;260.552;33.5654
-169.926;260.052;33.5997
-170.888;259.553;33.6078
-171.852;259.055;33.6419
-172.817;258.557;33.7022
-173.784;258.06;33.7276
-174.752;257.563;33.7706
-175.722;257.068;33.805
-176.694;256.572;33.8394
-177.667;256.078;33.874
-178.641;255.583;33.8827
-179.617;255.089;33.9434
-180.594;254.595;33.9523
-181.573;254.1;34.0045
-182.552;253.606;34.0476
-183.533;253.111;34.0823
-184.514;252.616;34.1171
-185.497;252.12;34.1518
-186.48;251.624;34.1609
-187.464;251.126;34.1954
-188.449;250.627;34.2554
-189.434;250.127;34.2643
-190.42;249.625;34.298
-191.405;249.12;34.3306
-192.39;248.612;34.3862
-193.374;248.101;34.4166
-194.358;247.586;34.4218
-195.34;247.066;34.4719
-196.32;246.541;34.4734
-197.298;246.011;34.4948
-198.274;245.474;34.5129
-199.246;244.93;34.5483
-200.215;244.378;34.5585
-201.179;243.818;34.5647
-202.139;243.25;34.5469
-203.094;242.673;34.566
-204.044;242.087;34.5628
-204.988;241.492;34.5572
-205.926;240.887;34.5502
-206.858;240.272;34.5207
-207.783;239.648;34.5346
-208.702;239.014;34.5281
-209.614;238.371;34.5005
-210.52;237.718;34.4978
-211.418;237.055;34.5213
-212.31;236.383;34.5248
-213.194;235.702;34.5312
-214.072;235.011;34.5176
-214.943;234.312;34.5305
-215.807;233.604;34.572
-216.665;232.888;34.5913
-217.517;232.164;34.6128
-218.362;231.432;34.6359
-219.202;230.692;34.6598
-220.035;229.945;34.6598
-220.863;229.19;34.709
-221.685;228.429;34.7091
-222.502;227.661;34.7571
-223.313;226.886;34.7572
-224.119;226.104;34.8061
-224.92;225.316;34.8054
-225.715;224.522;34.8528
-226.505;223.721;34.8747
-227.29;222.914;34.8717
-228.068;222.101;34.9001
-228.841;221.28;34.9094
-229.608;220.454;34.949
-230.368;219.62;34.964
-231.121;218.78;34.9778
-231.868;217.933;34.992
-232.608;217.08;34.9815
-233.341;216.22;34.9947
-234.067;215.353;35.0321
-234.786;214.48;35.0215
-235.498;213.6;35.0356
-236.203;212.713;35.075
-236.9;211.821;35.0666
-237.59;210.922;35.1091
-238.273;210.017;35.1287
-238.949;209.105;35.1504
-239.619;208.189;35.1742
-240.282;207.267;35.1869
-240.939;206.339;35.2016
-241.59;205.406;35.2306
-242.235;204.469;35.2877
-242.876;203.526;35.2944
-243.511;202.58;35.355
-244.143;201.63;35.3639
-244.771;200.676;35.4265
-245.395;199.718;35.4365
-246.017;198.757;35.4727
-246.635;197.793;35.5347
-247.251;196.826;35.5442
-247.865;195.856;35.5796
-248.476;194.884;35.6138
-249.085;193.909;35.6714
-249.69;192.93;35.702
-250.292;191.948;35.7067
-250.89;190.962;35.733
-251.482;189.973;35.7559
-252.069;188.979;35.7956
-252.649;187.981;35.8084
-253.222;186.978;35.7956
-253.786;185.97;35.7965
-254.342;184.956;35.8088
-254.887;183.937;35.7968
-255.422;182.913;35.759
-255.946;181.883;35.7526
-256.458;180.848;35.7215
-256.958;179.807;35.6854
-257.445;178.76;35.645
-257.919;177.709;35.5822
-258.38;176.652;35.5357
-258.827;175.591;35.4875
-259.259;174.524;35.4384
-259.677;173.453;35.3895
-260.08;172.378;35.3614
-260.469;171.298;35.296
-260.843;170.215;35.255
-261.202;169.127;35.2408
-261.547;168.036;35.1874
-261.877;166.941;35.1617
-262.192;165.843;35.142
-262.493;164.742;35.1284
-262.78;163.637;35.121
-263.053;162.53;35.1446
-263.312;161.42;35.1502
-263.557;160.307;35.1361
-263.79;159.192;35.1788
-264.011;158.074;35.2021
-264.22;156.954;35.2303
-264.419;155.831;35.2623
-264.607;154.706;35.2696
-264.785;153.579;35.3064
-264.954;152.45;35.3445
-265.115;151.319;35.4117
-265.269;150.186;35.4232
-265.417;149.051;35.491
-265.558;147.914;35.5305
-265.694;146.775;35.5695
-265.825;145.635;35.5806
-265.952;144.493;35.6199
-266.075;143.35;35.6589
-266.194;142.205;35.7254
-266.311;141.058;35.7633
-266.424;139.91;35.8009
-266.534;138.76;35.8381
-266.641;137.609;35.8656
-266.745;136.456;35.9111
-266.846;135.302;35.9468
-266.944;134.147;35.9549
-267.038;132.99;36.0166
-267.129;131.831;36.0239
-267.216;130.672;36.0834
-267.3;129.511;36.0891
-267.378;128.348;36.1194
-267.452;127.184;36.173
-267.52;126.02;36.1993
-267.582;124.853;36.2233
-267.638;123.686;36.221
-267.686;122.518;36.2399
-267.727;121.349;36.2555
-267.759;120.178;36.2901
-267.782;119.008;36.276
-267.796;117.836;36.3043
-267.8;116.664;36.2843
-267.794;115.492;36.3055
-267.777;114.32;36.3008
-267.749;113.148;36.2712
-267.708;111.977;36.26
-267.656;110.806;36.2669
-267.592;109.635;36.25
-267.514;108.466;36.2098
-267.424;107.298;36.1888
-267.321;106.132;36.1665
-267.205;104.967;36.1432
-267.075;103.804;36.1416
-266.932;102.643;36.1204
-266.775;101.485;36.0776
-266.605;100.328;36.0527
-266.422;99.1743;36.0687
-266.226;98.0229;36.0569
-266.016;96.8742;36.0484
-265.794;95.7283;36.018
-265.559;94.5853;36.0167
-265.311;93.4452;36.0194
-265.05;92.308;36.0208
-264.777;91.174;36.0263
-264.492;90.043;36.0575
-264.195;88.9152;36.0664
-263.886;87.7904;36.0774
-263.566;86.6687;36.0646
-263.235;85.5502;36.1004
-262.892;84.4349;36.111
-262.538;83.323;36.1202
-262.173;82.2147;36.1047
-261.797;81.11;36.1322
-261.409;80.0091;36.1342
-261.011;78.9123;36.133
-260.6;77.8198;36.1071
-260.178;76.7319;36.0983
-259.744;75.649;36.1049
-259.298;74.5712;36.0876
-258.839;73.4989;36.0462
-258.369;72.4324;36.021
-257.885;71.3721;35.9912
-257.389;70.3182;35.9765
-256.881;69.2714;35.9375
-256.359;68.232;35.875
-255.824;67.2003;35.8282
-255.276;66.1766;35.7782
-254.714;65.1613;35.7256
-254.14;64.1548;35.6907
-253.553;63.1572;35.6351
-252.952;62.169;35.5585
-252.339;61.1903;35.5243
-251.713;60.2213;35.4711
-251.074;59.2622;35.4214
-250.423;58.3131;35.3764
-249.759;57.3739;35.3376
-249.083;56.4447;35.3061
-248.396;55.5255;35.2833
-247.697;54.6161;35.2681
-246.987;53.7164;35.2362
-246.266;52.8262;35.2675
-245.534;51.9451;35.2538
-244.792;51.0724;35.2798
-244.041;50.2076;35.3171
-243.282;49.3497;35.3967
-242.514;48.4978;35.4529
-241.74;47.6508;35.4824
-240.961;46.8075;35.5778
-240.176;45.9667;35.6084
-239.389;45.1269;35.6966
-238.6;44.287;35.717
-237.811;43.4456;35.7903
-237.022;42.6018;35.7982
-236.235;41.7549;35.8307
-235.451;40.9042;35.8604
-234.669;40.0498;35.9188
-233.89;39.1916;35.9204
-233.112;38.3299;35.9829
-232.337;37.4651;36.0199
-231.563;36.5976;36.06
-230.789;35.7281;36.1015
-230.015;34.8578;36.1423
-229.238;33.9876;36.1802
-228.458;33.1191;36.1889
-227.674;32.2536;36.214
-226.884;31.3924;36.2284
-226.087;30.537;36.2308
-225.282;29.6885;36.22
-224.468;28.8481;36.1958
-223.646;28.0167;36.1762
-222.815;27.1953;36.1075
-221.975;26.3845;36.0452
-221.125;25.5851;35.9904
-220.265;24.7977;35.9095
-219.397;24.0227;35.8035
-218.519;23.2606;35.7117
-217.632;22.5119;35.6356
-216.735;21.777;35.5194
-215.83;21.0563;35.422
-214.916;20.3503;35.3254
-213.994;19.6591;35.2304
-213.063;18.9831;35.1381
-212.124;18.3226;35.0489
-211.176;17.6777;34.9829
-210.222;17.0487;34.8821
-209.26;16.4359;34.8251
-208.29;15.839;34.7346
-207.314;15.2583;34.6901
-206.33;14.6937;34.6101
-205.341;14.1455;34.5556
-204.344;13.6135;34.5059
-203.342;13.0979;34.4608
-202.334;12.5986;34.4196
-201.32;12.1155;34.3822
-200.301;11.6486;34.3481
-199.276;11.1977;34.3387
-198.246;10.7628;34.2915
-197.212;10.3436;34.269
-196.172;9.94004;34.2494
-195.128;9.55195;34.2322
-194.08;9.17922;34.2396
-193.028;8.82168;34.2041
-191.971;8.47918;34.2157
-190.911;8.15156;34.183
-189.847;7.83855;34.1754
-188.78;7.53984;34.172
-187.709;7.25516;34.1979
-186.635;6.98414;34.2014
-185.558;6.72652;34.1808
-184.478;6.48207;34.2188
-183.395;6.25031;34.205
-182.309;6.03078;34.2239
-181.22;5.82289;34.2775
-180.071;5.61625;34.3095
-178.88;5.41504;34.3465
-177.691;5.22598;34.3532
-176.488;5.0459;34.3983
-175.278;4.87504;34.4726
-174.066;4.71273;34.5324
-172.871;4.56008;34.5841
-171.683;4.41437;34.602
-170.48;4.27168;34.6886
-169.282;4.13336;34.7392
-168.089;3.99816;34.7782
-166.928;3.86828;34.8332
-165.761;3.73871;34.8467
-164.598;3.61031;34.8909
-163.428;3.48152;34.9568
-162.248;3.35207;35.0077
-161.09;3.22563;35.0199
-159.913;3.09789;35.0912
-158.765;2.97469;35.1025
-157.591;2.85059;35.1709
-156.424;2.72961;35.2096
-155.266;2.61266;35.2458
-154.106;2.49922;35.2701
-152.933;2.38898;35.2866
-151.75;2.28289;35.3182
-150.566;2.18215;35.3482
-149.37;2.08656;35.391
-148.152;1.99602;35.4186
-146.899;1.9102;35.4609
-145.641;1.83176;35.4895
-144.354;1.75973;35.5173
-143.076;1.69621;35.5174
-141.787;1.64012;35.5481
-140.494;1.59156;35.5806
-139.186;1.54992;35.6156
-137.898;1.51566;35.652
-136.608;1.4875;35.6901
-135.299;1.46445;35.7304
-133.974;1.4459;35.7722
-132.667;1.43137;35.8445
-131.349;1.41949;35.8877
-130.006;1.40922;35.9288
-128.721;1.40023;35.9395
-127.421;1.39105;36.0079
-126.139;1.38117;36.0176
-124.866;1.36988;36.0829
-123.613;1.35695;36.0908
-122.344;1.34156;36.1267
-121.082;1.32379;36.1902
-119.825;1.3034;36.1972
-118.567;1.28027;36.2596
-117.305;1.2543;36.2948
-116.074;1.22645;36.3023
-114.856;1.19645;36.3367
-113.635;1.16418;36.3978
-112.436;1.13055;36.4319
-111.24;1.0952;36.4659
-110.041;1.0582;36.4743
-108.825;1.01945;36.5353
-107.63;0.980312;36.5707
-106.391;0.938945;36.5787
-105.177;0.897773;36.639
-103.987;0.857188;36.6727
-102.793;0.81625;36.6805
-101.608;0.775625;36.7395
-100.419;0.735039;36.7636
-99.2251;0.69457;36.7803
-98.0385;0.654727;36.8393
-96.8381;0.614922;36.872
-95.6456;0.575859;36.9051
-94.4476;0.53707;36.9124
-93.2567;0.499141;36.9451
-92.0646;0.46168;37.0032
-90.8715;0.424727;37.0358
-89.6773;0.388164;37.043
-88.4821;0.352109;37.101
-87.2859;0.316484;37.1081
-86.0409;0.279766;37.1418
-84.8425;0.244766;37.1997
-83.643;0.210156;37.232
-82.4425;0.175977;37.239
-81.2409;0.142344;37.2965
-80.038;0.109453;37.3032
-78.8343;0.0774219;37.3352
-77.6295;0.0464063;37.367
-76.4237;0.0166016;37.4236
-75.2169;-0.0117969;37.4548
-74.009;-0.0383203;37.4856
-72.8;-0.0628125;37.5159
-71.59;-0.0848828;37.5458
-70.3791;-0.104336;37.5506
-69.1671;-0.120859;37.5795
-67.9541;-0.134219;37.6222
-66.7401;-0.144102;37.6608
-65.5252;-0.150312;37.6886
-64.3094;-0.152695;37.7161
-63.0926;-0.151172;37.7189
-61.8749;-0.145625;37.7466
-60.6564;-0.136094;37.7994
-59.4369;-0.122656;37.8028
-58.2166;-0.105391;37.8316
-56.9954;-0.084375;37.8862
-55.7733;-0.0598828;37.9164
-54.5379;-0.031875;37.9223
-53.2782;-0.000273438;37.9546
-52.0096;0.0342578;38.0139
-50.7487;0.0707812;38.0464
-49.5118;0.10832;38.0536
-48.2811;0.146953;38.1115
-47.0523;0.186328;38.1439
-45.8225;0.226094;38.1507
-44.5916;0.265859;38.2079
-43.3597;0.305195;38.2142
-42.1268;0.343828;38.2455
-40.8929;0.381406;38.2764
-39.6579;0.417773;38.3071
-38.4218;0.452695;38.3377
-37.1848;0.485977;38.3933
-35.9467;0.517617;38.4237
-34.7076;0.547461;38.4542
-33.4674;0.575586;38.4847
-32.2262;0.602031;38.5154
-30.9841;0.626836;38.5461
-29.7408;0.650078;38.5518
-28.4966;0.671953;38.5828
-27.2506;0.692578;38.6139
-26.0043;0.712109;38.6702
-24.757;0.730742;38.6762
-23.5087;0.748594;38.7074
-22.2595;0.765898;38.7637
-21.0092;0.782852;38.7696
-19.7579;0.79957;38.8006
-18.5056;0.816211;38.8567
-17.2523;0.832969;38.8624
-15.998;0.849883;38.8932
-14.7427;0.86707;38.949
-13.4864;0.884648;38.9546
-12.2292;0.902656;39.0103
-10.971;0.921133;39.0159
-9.71177;0.940156;39.0464
-8.45159;0.959687;39.102
-7.19043;0.979727;39.1325
-5.9283;1.00027;39.163
-4.6652;1.02133;39.1684
-3.40111;1.04281;39.1989
-2.13605;1.06469;39.2293
