1.04395;-3.90625e-05;2.82162
2.07049;-3.90625e-05;2.77536
3.11276;-3.90625e-05;3.48048
4.16148;0.000351562;4.16927
5.23223;0.000625;4.57119
6.28354;0.00109375;4.8155
7.33243;0.00160156;5.23888
8.38726;0.00207031;5.68176
9.43606;0.0025;6.18787
10.4625;0.00289063;6.62095
11.5545;0.00328125;6.83428
12.6659;0.00367187;7.128
13.7364;0.00421875;7.6709
14.7544;0.00484375;8.09862
15.8327;0.00546875;8.61375
16.9692;0.00609375;9.0572
18.0098;0.00664062;9.4322
19.0922;0.0071875;9.79653
20.2152;0.00789062;10.0988
21.3779;0.00871094;10.4465
22.4053;0.00941406;10.7385
23.4608;0.0101172;11.0255
24.5437;0.0108203;11.3573
25.6538;0.0115625;11.6351
26.7905;0.0125391;11.9092
27.9537;0.0134766;12.1799
29.1429;0.0144141;12.4476
30.1537;0.0151953;12.6686
31.1822;0.0159766;12.8411
32.2283;0.0169531;13.1039
33.2911;0.0179297;13.2909
34.3671;0.0189062;13.404
35.4467;0.0198828;13.388
36.5251;0.0208594;13.335
37.5935;0.0218359;13.1895
38.6496;0.0228125;13.0508
39.697;0.0237891;12.9546
40.7387;0.0247656;12.8987
41.7779;0.0257422;12.8829
42.8173;0.0267187;12.894
43.8592;0.0276953;12.9466
44.9053;0.0288281;13.011
45.9571;0.03;13.0719
47.0159;0.0311719;13.1865
48.0814;0.0323437;13.221
49.1467;0.0335156;13.2057
50.2139;0.0346875;13.3592
51.3004;0.0358594;13.5687
52.4078;0.0371875;13.8846
53.5359;0.0385547;14.1405
54.6844;0.0399219;14.3921
55.853;0.0412891;14.6397
57.0414;0.0428516;14.8834
58.2492;0.0444141;15.1234
59.4763;0.0460156;15.3599
60.7222;0.0475781;15.5931
61.7325;0.0488672;15.7774
62.7534;0.0502734;15.8616
63.7757;0.0516797;15.8493
64.7972;0.0530859;15.8864
65.8271;0.0544922;16.0867
66.8702;0.0558984;16.2374
67.9259;0.0573047;16.4341
68.9941;0.0587109;16.6774
70.0752;0.0602344;16.8642
71.1683;0.0617969;17.0468
72.2722;0.0633594;17.2212
73.3875;0.0649219;17.3525
74.514;0.0665625;17.5244
75.6515;0.0682812;17.6929
76.7996;0.07;17.8582
77.9583;0.0717187;18.0204
79.1284;0.0735156;18.18
80.3052;0.0753906;18.2534
81.4817;0.0772656;18.2368
82.6579;0.0791406;18.2628
83.8435;0.0810156;18.4849
85.0402;0.0828906;18.6531
86.2474;0.0847656;18.8137
87.4648;0.0867969;18.9251
88.6919;0.0888281;19.1139
89.9282;0.0908594;19.2548
91.1735;0.0928906;19.3525
92.4274;0.0949609;19.4844
93.6896;0.0971484;19.612
94.9599;0.0993359;19.7358
96.238;0.101523;19.8904
97.5238;0.103711;20.0073
98.8171;0.105898;20.089
100.114;0.108242;20.0994
101.409;0.110586;20.0798
102.704;0.11293;20.0779
104.001;0.115273;20.1222
105.3;0.117617;20.1534
106.602;0.12;20.2316
107.909;0.122344;20.3016
109.22;0.124844;20.3549
110.537;0.127344;20.4634
111.859;0.129844;20.5256
113.187;0.132344;20.6185
114.187;0.134219;20.6908
115.191;0.136094;20.7949
116.198;0.138086;20.8412
117.209;0.140078;20.9188
118.224;0.14207;20.9978
119.243;0.144063;21.1099
120.265;0.146055;21.1595
121.292;0.148047;21.2744
122.322;0.150039;21.358
123.357;0.152148;21.4423
124.396;0.154258;21.4942
125.437;0.156367;21.5127
126.477;0.158477;21.4977
127.516;0.160586;21.4813
128.557;0.162695;21.5825
129.603;0.164883;21.6898
130.654;0.167148;21.7943
131.71;0.169375;21.8958
132.771;0.171602;21.9946
133.837;0.173828;22.0909
134.907;0.176172;22.1849
135.982;0.178516;22.2412
137.061;0.180859;22.3665
138.145;0.183203;22.4203
139.232;0.185547;22.541
140.324;0.187969;22.626
141.42;0.19043;22.7096
142.52;0.192891;22.7595
143.624;0.195352;22.8411
144.732;0.197812;22.9217
145.844;0.200273;23.0014
146.959;0.202734;23.0802
148.078;0.205312;23.1894
149.201;0.207891;23.2666
150.328;0.210469;23.3432
151.459;0.213047;23.4192
152.593;0.215625;23.4643
153.731;0.218242;23.5698
154.872;0.220937;23.6142
156.017;0.223672;23.7187
157.166;0.226367;23.7926
158.318;0.229062;23.8363
159.474;0.231797;23.9097
160.633;0.234609;24.0125
161.796;0.237422;24.0853
162.962;0.240234;24.1282
164.132;0.243047;24.2006
165.305;0.245859;24.3023
166.482;0.24875;24.3742
167.662;0.25168;24.4165
168.846;0.254609;24.5175
170.033;0.257539;24.5596
171.224;0.260469;24.6308
172.418;0.263437;24.702
173.616;0.266484;24.8023
174.817;0.269531;24.8731
176.021;0.272578;24.9438
177.229;0.275625;25.0144
178.44;0.278672;25.0556
179.655;0.281836;25.126
180.873;0.285;25.2254
182.095;0.288164;25.2664
183.319;0.291367;25.3364
184.548;0.29457;25.4063
185.779;0.297852;25.4761
187.014;0.301133;25.5748
188.253;0.304414;25.6154
189.494;0.307695;25.6848
190.739;0.311016;25.7832
191.988;0.314414;25.8235
193.24;0.317813;25.8927
194.495;0.321211;25.9908
195.753;0.324609;26.0308
197.015;0.328008;26.1286
198.28;0.331523;26.1974
199.549;0.335039;26.2372
200.82;0.338555;26.3058
202.095;0.34207;26.4032
203.374;0.345586;26.4427
204.656;0.349219;26.5399
205.941;0.352852;26.6081
207.229;0.356484;26.6762
208.521;0.360117;26.7155
209.815;0.363789;26.7834
211.114;0.367578;26.8513
212.415;0.371328;26.9478
213.72;0.375078;27.0155
215.028;0.378828;27.0831
216.339;0.382695;27.1218
217.654;0.386562;27.1893
218.971;0.39043;27.2853
220.292;0.394297;27.3238
221.617;0.398242;27.4197
222.944;0.402227;27.4867
224.275;0.406211;27.5536
225.609;0.410195;27.5918
226.946;0.41418;27.6873
228.287;0.418281;27.7539
229.631;0.422383;27.7919
230.978;0.426484;27.887
232.328;0.430586;27.9534
233.681;0.434766;28.0198
235.038;0.438984;28.086
236.397;0.443203;28.1236
237.76;0.447422;28.1897
239.127;0.451719;28.2842
240.496;0.456055;28.3501
241.868;0.460391;28.4159
243.244;0.464727;28.453
244.623;0.469062;28.5187
246.005;0.473516;28.6127
247.39;0.477969;28.6497
248.779;0.482422;28.715
250.17;0.486875;28.8088
251.565;0.491367;28.8739
252.963;0.495937;28.939
254.364;0.500508;28.9756
255.769;0.505078;29.069
257.176;0.509648;29.1338
258.586;0.514336;29.1701
260;0.519023;29.2632
261.417;0.523711;29.3277
262.836;0.528398;29.3638
264.259;0.533203;29.4566
265.685;0.538008;29.5209
267.114;0.542812;29.5568
268.547;0.547656;29.6423
269.982;0.552578;29.7133
271.421;0.5575;29.7773
272.862;0.562422;29.8411
274.307;0.567344;29.8766
275.754;0.572383;29.9403
277.205;0.577422;30.004
278.659;0.582461;30.0957
280.116;0.5875;30.1592
281.576;0.592656;30.2225
283.039;0.597812;30.2858
284.505;0.602969;30.349
285.975;0.608125;30.3839
287.447;0.613281;30.4469
288.922;0.618555;30.5098
290.4;0.623828;30.5936
291.882;0.629102;30.6636
293.366;0.634375;30.6981
294.854;0.639648;30.7607
296.344;0.645039;30.8271
297.835;0.65043;30.8164
299.325;0.65582;30.7944
300.814;0.661211;30.7903
302.305;0.666602;30.8451
303.798;0.671992;30.8763
305.294;0.677422;30.9338
306.792;0.68293;31.0176
307.793;0.686602;31.0294
308.795;0.690273;31.0939
309.798;0.693945;31.1319
310.803;0.697617;31.1699
311.808;0.701289;31.2078
312.815;0.705039;31.2457
313.823;0.708789;31.2572
314.832;0.712539;31.295
315.843;0.716289;31.3327
316.854;0.720039;31.3704
317.867;0.723789;31.408
318.881;0.727539;31.4717
319.897;0.731289;31.5092
320.913;0.735039;31.5467
321.931;0.738867;31.5841
322.95;0.742734;31.6215
323.97;0.746562;31.6326
324.991;0.750391;31.6699
326.014;0.754219;31.7072
327.038;0.758125;31.7705
328.062;0.762031;31.7815
329.089;0.765938;31.8448
330.116;0.769844;31.8818
331.144;0.773828;31.8928
332.174;0.777852;31.9298
333.205;0.781836;31.9668
334.237;0.78582;32.0037
335.27;0.789883;32.0666
336.305;0.793945;32.1035
337.341;0.798008;32.1143
338.377;0.80207;32.1771
339.415;0.806133;32.2138
340.455;0.810273;32.2505
341.495;0.814414;32.2612
342.537;0.818555;32.3238
343.579;0.822695;32.3527
344.623;0.826836;32.371
345.669;0.831055;32.4335
346.715;0.835273;32.4441
347.762;0.839492;32.5065
348.811;0.843711;32.5429
349.861;0.84793;32.5793
350.912;0.852148;32.5898
351.964;0.856367;32.652
353.017;0.860664;32.6883
354.072;0.864961;32.7246
355.128;0.869258;32.7349
356.184;0.873555;32.7711
357.242;0.877852;32.8073
358.302;0.882148;32.8693
359.362;0.886523;32.8795
360.424;0.890898;32.9156
361.486;0.895273;32.9516
362.55;0.899648;33.0135
363.615;0.904023;33.0495
364.681;0.908398;33.0595
365.749;0.912852;33.0954
366.817;0.917305;33.1572
367.887;0.921758;33.1672
368.957;0.926211;33.2288
370.029;0.930664;33.2388
371.102;0.935195;33.2924
372.177;0.939766;33.3102
373.252;0.944297;33.3717
374.329;0.948828;33.3816
375.406;0.953359;33.443
376.485;0.95793;33.4786
377.565;0.962539;33.4883
378.646;0.967148;33.5239
379.729;0.971758;33.5852
380.812;0.976367;33.6206
381.897;0.980977;33.656
382.982;0.985664;33.6656
384.069;0.990352;33.701
385.157;0.995039;33.7621
386.246;0.999727;33.7717
387.337;1.00441;33.8069
388.428;1.0091;33.8679
389.521;1.01387;33.9031
390.614;1.01863;33.9126
391.709;1.0234;33.9477
392.805;1.02816;34.0086
393.902;1.03293;34.0437
395;1.0377;34.053
396.1;1.04254;34.088
397.2;1.04738;34.1487
398.302;1.05223;34.1755
399.404;1.05707;34.1931
400.508;1.06203;34.2537
401.613;1.06711;34.2631
402.719;1.07254;34.3239
403.826;1.07859;34.3586
404.934;1.0857;34.3678
406.043;1.09434;34.4019
407.153;1.10527;34.435
408.264;1.11918;34.4903
409.377;1.13688;34.5196
410.49;1.15926;34.546
411.604;1.18703;34.5483
412.718;1.22129;34.5894
413.833;1.26285;34.6019
414.948;1.31281;34.5896
416.062;1.37223;34.599
417.176;1.44187;34.5799
418.289;1.5225;34.5478
419.4;1.61516;34.5004
420.508;1.72031;34.437
421.614;1.83867;34.3571
422.716;1.97102;34.2697
423.814;2.11746;34.1561
424.907;2.27836;34.047
425.994;2.45441;33.9192
427.077;2.64605;33.767
428.153;2.85227;33.609
429.221;3.07488;33.4577
430.282;3.31297;33.2798
431.335;3.56684;33.0988
432.38;3.83703;32.9068
433.416;4.12309;32.7309
434.443;4.42527;32.5402
435.46;4.74367;32.3556
436.468;5.07836;32.171
437.465;5.42855;31.9904
438.452;5.79469;31.8108
439.428;6.17707;31.6296
440.393;6.57547;31.443
441.345;6.9898;31.2651
442.286;7.41988;31.102
443.214;7.86562;30.9395
444.129;8.32641;30.7836
445.032;8.80227;30.6255
445.921;9.29313;30.4963
446.797;9.79852;30.3525
447.659;10.3184;30.228
448.508;10.8527;30.126
449.754;11.6803;29.9581
450.968;12.5381;29.8258
452.149;13.4264;29.7293
453.297;14.3435;29.6132
454.412;15.2874;29.4979
455.493;16.2565;29.3805
456.539;17.25;29.3123
457.555;18.2681;29.3121
458.541;19.3096;29.2906
459.5;20.3734;29.335
460.434;21.4592;29.3783
461.343;22.5653;29.4323
462.23;23.6885;29.5025
463.099;24.827;29.5827
463.957;25.9778;29.637
464.807;27.138;29.7207
465.654;28.3045;29.7994
466.504;29.475;29.87
467.359;30.6448;29.9322
468.221;31.8118;29.9902
469.091;32.9764;30.0461
469.969;34.138;30.1306
470.856;35.2966;30.1797
471.751;36.4527;30.2478
472.654;37.6081;30.3085
473.562;38.7618;30.3702
474.473;39.9164;30.4308
475.383;41.0747;30.4876
476.29;42.2389;30.5159
477.191;43.4108;30.5872
478.083;44.592;30.6021
478.964;45.7853;30.6531
479.832;46.9923;30.6502
480.681;48.2107;30.659
481.51;49.4421;30.6788
482.319;50.6869;30.6704
483.107;51.9457;30.6545
483.87;53.2216;30.6066
484.608;54.5123;30.5667
485.315;55.8148;30.5457
485.995;57.1288;30.4842
486.647;58.4562;30.4341
487.269;59.7977;30.3907
487.858;61.1521;30.3173
488.412;62.5149;30.2502
488.934;63.8871;30.1839
489.424;65.2693;30.1107
489.88;66.6601;30.0149
490.3;68.059;29.9467
490.683;69.4643;29.8615
491.029;70.8748;29.7759
491.339;72.2901;29.6711
491.611;73.7092;29.5988
491.845;75.1307;29.5073
492.042;76.5534;29.4162
492.199;77.9771;29.3076
492.319;79.4006;29.2348
492.4;80.8224;29.1279
492.443;82.2417;29.0592
492.448;83.6576;28.9578
492.415;85.0693;28.8792
492.345;86.4753;28.8056
492.237;87.8755;28.7405
492.093;89.2695;28.7066
491.913;90.6562;28.6386
491.698;92.0356;28.6091
491.45;93.4077;28.5991
491.17;94.7729;28.639
490.86;96.1312;28.6763
490.523;97.4843;28.7006
490.164;98.8335;28.7786
489.786;100.181;28.8721
489.397;101.528;29.0025
489.003;102.877;29.0891
488.613;104.231;29.1585
488.232;105.59;29.1804
487.867;106.956;29.2089
487.522;108.328;29.2432
487.199;109.707;29.2152
486.902;111.091;29.2231
486.63;112.481;29.1758
486.388;113.875;29.1458
486.175;115.274;29.1126
485.992;116.675;29.0783
485.84;118.08;29.0417
485.721;119.485;29.0311
485.633;120.892;28.996
485.578;122.299;28.942
485.557;123.706;28.9016
485.568;125.111;28.9041
485.612;126.513;28.8562
485.689;127.913;28.8492
485.799;129.31;28.8255
485.942;130.702;28.8026
486.118;132.089;28.7787
486.329;133.471;28.7305
486.574;134.846;28.7092
486.851;136.214;28.7162
487.16;137.573;28.7018
487.5;138.924;28.6674
487.87;140.267;28.6877
488.271;141.6;28.6612
488.703;142.925;28.666
489.166;144.242;28.7028
489.656;145.546;28.6956
490.171;146.84;28.7248
490.711;148.126;28.7629
491.274;149.404;28.8083
491.857;150.674;28.8606
492.46;151.939;28.9515
493.081;153.2;29.0121
493.715;154.455;29.0759
494.361;155.706;29.1406
495.016;156.956;29.1746
495.679;158.204;29.2384
496.347;159.454;29.331
497.021;160.704;29.3626
497.699;161.957;29.4506
498.38;163.211;29.5069
499.064;164.464;29.5621
499.753;165.718;29.6153
500.447;166.972;29.6386
501.149;168.224;29.7159
501.858;169.475;29.7356
502.579;170.724;29.8053
503.31;171.969;29.8172
504.051;173.208;29.8822
504.804;174.442;29.9204
505.569;175.671;29.957
506.345;176.895;29.9797
507.134;178.113;30.0306
507.936;179.326;30.0668
508.751;180.533;30.075
509.577;181.733;30.1381
510.415;182.926;30.147
511.264;184.113;30.2099
512.125;185.295;30.2184
512.997;186.47;30.2817
513.882;187.638;30.2901
514.778;188.8;30.352
515.685;189.954;30.3607
516.602;191.103;30.4253
517.529;192.246;30.4359
518.466;193.384;30.5037
519.411;194.517;30.5459
520.363;195.647;30.5612
521.323;196.773;30.6051
522.288;197.898;30.6771
523.257;199.021;30.6946
524.23;200.144;30.7663
525.206;201.268;30.7836
526.182;202.393;30.8543
527.161;203.52;30.871
528.14;204.649;30.9407
529.119;205.78;30.9841
530.1;206.913;31.0271
530.755;207.668;31.0558
531.412;208.424;31.0576
532.071;209.178;31.1077
532.733;209.931;31.1313
533.398;210.682;31.1295
534.068;211.429;31.1494
534.744;212.173;31.1658
535.424;212.913;31.2016
536.11;213.648;31.2114
536.803;214.378;31.1941
537.502;215.102;31.2178
538.208;215.819;31.2162
538.921;216.529;31.2116
539.642;217.232;31.204
540.371;217.927;31.173
541.107;218.614;31.1873
541.85;219.292;31.1497
542.601;219.962;31.1694
543.36;220.624;31.1649
544.126;221.277;31.1373
544.899;221.922;31.137
545.679;222.558;31.1692
546.467;223.186;31.1533
547.261;223.806;31.1925
548.061;224.418;31.2117
548.867;225.023;31.208
549.68;225.621;31.2616
550.498;226.213;31.2647
551.32;226.798;31.2998
552.148;227.379;31.3666
552.98;227.956;31.4058
553.815;228.529;31.4194
554.653;229.101;31.4914
555.494;229.671;31.5059
556.336;230.241;31.5753
557.18;230.811;31.5883
558.024;231.384;31.6539
558.868;231.957;31.6913
559.711;232.534;31.7009
560.555;233.112;31.7373
561.398;233.694;31.7987
562.24;234.279;31.8349
563.081;234.867;31.8721
563.923;235.458;31.8821
564.763;236.052;31.9482
565.603;236.647;31.9887
566.444;237.246;32.0286
567.285;237.845;32.0433
568.127;238.444;32.1108
568.972;239.043;32.1498
569.819;239.64;32.162
570.669;240.235;32.2211
571.523;240.826;32.252
572.382;241.413;32.2555
573.244;241.995;32.2778
574.112;242.57;32.2975
574.985;243.139;32.3315
575.863;243.701;32.3184
576.748;244.253;32.3221
577.639;244.797;32.3187
578.535;245.331;32.3308
579.438;245.854;32.3184
580.347;246.367;32.2804
581.262;246.868;32.2779
582.184;247.357;32.2227
583.112;247.833;32.2066
584.045;248.297;32.1943
584.984;248.748;32.1441
585.929;249.184;32.1268
586.88;249.607;32.0692
587.835;250.016;32.0501
588.796;250.409;32.0113
589.762;250.788;31.9503
590.733;251.152;31.9086
591.708;251.501;31.891
592.687;251.834;31.8335
593.67;252.153;31.7956
594.657;252.456;31.7615
595.648;252.743;31.7288
596.643;253.014;31.7174
597.64;253.27;31.6577
598.64;253.51;31.6661
599.643;253.734;31.6221
600.649;253.943;31.6278
601.657;254.136;31.5934
602.667;254.315;31.6068
603.68;254.478;31.58
604.694;254.626;31.5827
605.71;254.759;31.615
606.728;254.878;31.6017
607.747;254.984;31.6467
608.767;255.075;31.6446
609.79;255.153;31.7016
610.814;255.219;31.7086
611.839;255.273;31.75
612.865;255.315;31.7961
613.894;255.347;31.8461
614.923;255.369;31.9005
615.954;255.383;31.9581
616.987;255.388;32.0186
618.021;255.387;32.1121
619.057;255.381;32.1758
620.095;255.37;32.2089
621.135;255.356;32.2719
622.176;255.34;32.3341
623.22;255.324;32.3943
624.265;255.309;32.481
625.312;255.295;32.5075
626.361;255.284;32.5607
627.411;255.277;32.639
628.464;255.273;32.6603
629.517;255.274;32.7307
630.573;255.28;32.78
631.63;255.291;32.8249
632.688;255.308;32.8697
633.747;255.33;32.9137
634.808;255.359;32.9313
635.87;255.393;33.0018
636.933;255.434;33.0204
637.998;255.48;33.0658
639.064;255.533;33.1385
640.13;255.591;33.186
641.199;255.654;33.208
642.268;255.723;33.2835
643.339;255.796;33.3073
644.41;255.874;33.3852
645.483;255.956;33.4107
646.558;256.041;33.4634
647.634;256.129;33.5431
648.711;256.22;33.5698
649.79;256.314;33.6231
650.87;256.408;33.703
651.953;256.504;33.7294
653.036;256.6;33.7817
654.121;256.697;33.8603
655.208;256.793;33.9123
656.296;256.889;33.9641
657.387;256.985;33.9896
658.479;257.08;34.0411
659.573;257.173;34.1182
660.668;257.266;34.1436
661.766;257.358;34.2206
662.865;257.449;34.2458
663.966;257.539;34.3227
665.068;257.629;34.3484
666.172;257.718;34.4255
667.277;257.807;34.4513
668.385;257.896;34.5283
669.494;257.985;34.5541
670.604;258.075;34.6307
671.717;258.165;34.6565
672.831;258.256;34.7068
673.946;258.347;34.7825
675.063;258.44;34.8079
676.181;258.534;34.8838
677.301;258.629;34.9092
678.422;258.726;34.985
679.545;258.824;35.0103
680.669;258.924;35.0607
681.795;259.026;35.111
682.923;259.129;35.1844
684.052;259.235;35.2086
685.181;259.343;35.2811
686.312;259.454;35.3289
687.444;259.569;35.3763
688.578;259.688;35.3989
689.713;259.811;35.4672
690.848;259.939;35.4874
691.984;260.073;35.5517
693.123;260.213;35.5903
694.26;260.359;35.6057
695.397;260.511;35.6422
696.535;260.67;35.6992
697.672;260.837;35.7324
698.811;261.012;35.7646
699.949;261.196;35.7955
701.086;261.388;35.8035
702.224;261.59;35.8342
703.362;261.8;35.863
704.498;262.018;35.917
705.633;262.245;35.9293
706.767;262.479;35.966
707.902;262.721;36.0039
709.036;262.972;36.0667
710.17;263.233;36.0834
711.302;263.501;36.1505
712.436;263.778;36.1694
713.568;264.061;36.2346
714.699;264.352;36.2799
715.829;264.648;36.3259
716.958;264.952;36.3487
718.089;265.262;36.4189
719.218;265.58;36.4405
720.347;265.905;36.5069
721.475;266.237;36.5478
722.603;266.579;36.5836
723.73;266.927;36.5962
724.854;267.283;36.6481
725.976;267.647;36.6749
727.096;268.02;36.6777
728.214;268.405;36.7092
729.328;268.801;36.7183
730.439;269.209;36.7026
731.546;269.631;36.6935
732.65;270.065;36.6899
733.747;270.511;36.6698
734.837;270.968;36.6483
735.922;271.438;36.6005
737.002;271.921;36.5682
738.074;272.418;36.4979
739.138;272.931;36.4335
740.193;273.459;36.3727
741.24;274.006;36.2671
742.278;274.567;36.1786
743.302;275.143;36.0955
744.315;275.731;36.0208
745.319;276.333;35.9255
746.314;276.949;35.8454
747.297;277.579;35.7321
748.267;278.225;35.6452
749.225;278.886;35.5318
750.17;279.567;35.3997
751.099;280.26;35.2607
752.01;280.966;35.1826
752.907;281.684;35.1008
753.793;282.415;35.0034
754.665;283.158;34.9253
755.523;283.915;34.8318
756.365;284.684;34.7398
757.192;285.468;34.6325
758.001;286.27;34.426
758.792;287.083;34.3785
759.561;287.905;34.28
760.313;288.737;34.223
761.051;289.58;34.1431
761.774;290.433;34.0714
762.481;291.296;34.0085
763.171;292.17;33.9195
763.843;293.054;33.8468
764.495;293.954;33.7337
765.127;294.865;33.5966
765.736;295.781;33.509
766.324;296.705;33.4207
766.896;297.635;33.3482
767.452;298.572;33.2762
767.992;299.518;33.2104
768.513;300.47;33.1282
769.016;301.429;33.0446
769.499;302.398;32.929
769.957;303.377;32.8112
770.395;304.362;32.6733
770.808;305.348;32.5885
771.202;306.338;32.5023
771.578;307.331;32.4212
771.937;308.329;32.3267
772.278;309.33;32.2442
772.601;310.335;32.1711
772.904;311.343;32.0692
773.187;312.355;31.9888
773.446;313.373;31.8718
773.682;314.394;31.7328
773.896;315.413;31.6261
774.088;316.431;31.5567
774.26;317.449;31.4622
774.415;318.468;31.4045
774.552;319.486;31.3158
774.67;320.505;31.2594
774.77;321.524;31.1699
774.85;322.542;31.0998
774.906;323.561;31.0339
774.941;324.579;30.9455
774.956;325.593;30.8675
774.95;326.603;30.8092
774.926;327.609;30.7598
774.885;328.613;30.6974
774.826;329.614;30.6549
774.75;330.612;30.633
774.602;332.104;30.5823
774.415;333.587;30.5189
774.186;335.064;30.5084
773.917;336.53;30.4546
773.609;337.985;30.4425
773.265;339.429;30.4693
772.886;340.864;30.479
772.473;342.288;30.4975
772.027;343.702;30.497
771.549;345.107;30.5639
771.042;346.502;30.6124
770.506;347.888;30.6368
769.943;349.266;30.702
769.355;350.636;30.808
768.744;351.998;30.8862
768.113;353.355;30.9721
767.463;354.707;31.0277
767.019;355.608;31.0879
766.568;356.506;31.1775
766.11;357.401;31.2362
765.645;358.296;31.2946
765.175;359.189;31.3199
764.7;360.081;31.3777
764.219;360.972;31.4672
763.734;361.863;31.5241
763.243;362.753;31.5496
762.747;363.644;31.6058
762.246;364.534;31.6889
761.739;365.423;31.7398
761.227;366.31;31.7889
760.711;367.195;31.8365
760.189;368.078;31.8828
759.662;368.96;31.9003
759.128;369.839;31.9697
758.586;370.717;32.0108
758.036;371.593;32.0469
757.477;372.465;32.0533
756.91;373.333;32.0798
756.335;374.194;32.1193
755.75;375.049;32.1102
755.156;375.898;32.1096
754.553;376.741;32.1041
753.939;377.575;32.0696
753.316;378.401;32.0104
752.681;379.218;31.9244
752.035;380.023;31.8402
751.38;380.816;31.7205
750.715;381.595;31.5859
750.04;382.36;31.4377
749.356;383.112;31.2951
748.663;383.85;31.1228
747.96;384.573;30.9816
747.248;385.282;30.8099
746.525;385.974;30.6123
745.42;386.979;30.2927
744.298;387.944;29.9898
743.158;388.87;29.6754
742.001;389.755;29.3785
740.827;390.6;29.0911
739.639;391.403;28.8024
738.33;392.231;28.4893
737.366;392.797;28.242
736.366;393.35;27.9812
735.359;393.87;27.7435
734.321;394.37;27.5186
733.271;394.841;27.3019
732.193;395.291;27.1082
731.119;395.706;26.9017
730.038;396.088;26.708
728.945;396.439;26.5183
727.839;396.759;26.3389
726.712;397.044;26.1549
725.603;397.289;25.974
724.498;397.498;25.8403
723.388;397.673;25.7197
722.274;397.816;25.6028
721.147;397.926;25.498
720.031;398.002;25.4037
718.916;398.046;25.3239
717.807;398.057;25.2622
716.705;398.034;25.184
715.599;397.978;25.1444
714.492;397.89;25.1764
713.379;397.77;25.2044
712.211;397.615;25.2686
711.085;397.439;25.3014
709.963;397.242;25.404
708.841;397.03;25.5653
707.738;396.815;25.671
706.669;396.609;25.7582
705.586;396.409;25.7876
704.503;396.224;25.8323
703.429;396.058;25.8561
702.366;395.912;25.8934
701.288;395.784;25.8826
700.228;395.679;25.8613
699.18;395.596;25.8031
698.122;395.535;25.7724
697.074;395.496;25.7397
696.055;395.48;25.7414
695.023;395.489;25.7126
693.998;395.518;25.6595
692.984;395.572;25.683
691.978;395.647;25.6784
690.504;395.797;25.6774
689.034;395.996;25.6895
687.603;396.234;25.687
686.211;396.508;25.7053
684.847;396.819;25.7549
683.522;397.158;25.7786
682.221;397.527;25.7815
680.964;397.917;25.8384
679.726;398.333;25.8396
678.52;398.772;25.8669
677.338;399.234;25.894
676.178;399.718;25.9201
675.027;400.233;25.9589
673.888;400.776;25.944
672.768;401.345;25.9812
671.66;401.941;25.9691
670.566;402.563;25.9983
669.487;403.213;26.0015
668.425;403.89;25.9817
667.38;404.594;26.0029
666.351;405.33;25.9998
665.342;406.094;25.9656
664.359;406.883;25.9807
663.398;407.697;25.978
662.458;408.534;25.9745
661.54;409.395;25.9719
660.644;410.279;25.972
659.77;411.186;25.9685
658.921;412.12;25.9669
658.096;413.079;25.9578
657.302;414.056;25.9286
656.536;415.053;25.9513
655.794;416.069;25.9286
655.078;417.102;25.927
654.389;418.154;25.9271
653.726;419.223;25.954
653.091;420.309;25.931
652.485;421.412;25.9322
651.907;422.532;25.9329
651.359;423.666;25.9352
650.841;424.812;25.9692
650.351;425.972;25.9544
649.889;427.143;25.9969
649.455;428.326;25.9918
649.048;429.52;26.0404
648.668;430.723;26.0719
648.314;431.936;26.0792
647.987;433.158;26.1398
647.687;434.389;26.1821
647.411;435.627;26.2239
647.161;436.873;26.2511
646.937;438.125;26.3125
646.736;439.384;26.3614
646.559;440.648;26.4097
646.406;441.918;26.4662
646.275;443.193;26.5237
646.166;444.473;26.5535
646.079;445.758;26.6187
646.01;447.047;26.6888
645.96;448.34;26.7925
645.927;449.637;26.8378
645.909;450.939;26.9507
645.903;452.244;27.0033
645.908;453.553;27.1216
645.921;454.867;27.1777
645.938;456.184;27.2967
645.958;457.505;27.3829
645.979;458.831;27.4672
645.998;460.161;27.5496
646.014;461.494;27.6009
646.027;462.832;27.7104
646.036;464.173;27.7611
646.043;465.518;27.8424
646.049;466.868;27.9536
646.056;468.221;28.0054
646.068;469.578;28.1123
646.086;470.939;28.1613
646.114;472.303;28.2344
646.154;473.67;28.3011
646.208;475.039;28.363
646.278;476.411;28.4483
646.365;477.785;28.4778
646.47;479.161;28.56
646.594;480.538;28.6176
646.736;481.916;28.6513
646.896;483.296;28.7165
647.072;484.676;28.789
647.26;486.059;28.869
647.46;487.444;28.9835
647.667;488.832;29.0715
647.879;490.224;29.1304
648.092;491.619;29.2434
648.302;493.02;29.3233
648.507;494.424;29.3712
648.705;495.832;29.4714
648.892;497.246;29.515
649.069;498.665;29.5848
649.234;500.089;29.6823
649.388;501.517;29.7267
649.531;502.952;29.8264
649.666;504.39;29.8999
649.792;505.831;29.9494
649.909;507.276;30.0542
650.017;508.727;30.103
650.114;510.182;30.2006
650.2;511.641;30.2747
650.275;513.106;30.3417
650.338;514.575;30.3778
650.389;516.044;30.4557
650.425;517.515;30.4549
650.442;518.987;30.4267
650.44;520.458;30.3885
650.415;521.928;30.4084
650.365;523.402;30.4277
650.29;524.877;30.4356
650.19;526.346;30.4228
650.065;527.814;30.4475
649.914;529.281;30.423
649.732;530.744;30.425
649.519;532.203;30.4004
649.271;533.659;30.3596
648.986;535.108;30.2839
648.667;536.543;30.2433
648.318;537.968;30.1676
647.938;539.382;30.1143
647.526;540.785;30.0154
647.079;542.174;29.9039
646.594;543.546;29.7685
646.069;544.899;29.5989
645.506;546.228;29.4359
644.91;547.533;29.2689
644.281;548.815;29.1157
643.62;550.073;28.9439
642.928;551.308;28.7699
642.202;552.516;28.5873
641.439;553.693;28.3788
640.644;554.838;28.187
639.818;555.947;28.0039
638.964;557.025;27.8117
638.081;558.069;27.6367
637.172;559.08;27.4715
636.237;560.057;27.3292
635.277;560.998;27.1847
634.29;561.903;27.0449
633.278;562.769;26.89
632.245;563.595;26.7851
631.191;564.384;26.7129
630.119;565.138;26.6612
629.028;565.858;26.6619
627.92;566.546;26.6617
626.794;567.202;26.6869
625.649;567.826;26.7213
624.49;568.422;26.7383
623.319;568.989;26.8385
622.137;569.536;26.8778
620.944;570.065;26.9916
619.742;570.582;27.037
618.534;571.091;27.1497
617.317;571.595;27.1915
616.095;572.098;27.2606
614.873;572.6;27.3588
613.648;573.103;27.4219
612.421;573.608;27.4835
611.192;574.116;27.5136
609.962;574.627;27.6026
608.727;575.142;27.6597
607.49;575.66;27.7137
606.255;576.18;27.7676
605.018;576.703;27.7917
603.779;577.228;27.8442
602.538;577.756;27.8959
601.296;578.286;27.9643
600.05;578.818;28.0141
598.801;579.351;28.0735
597.551;579.881;28.0921
596.298;580.407;28.1645
595.04;580.93;28.1798
593.777;581.446;28.247
592.509;581.954;28.2572
591.234;582.453;28.2914
589.953;582.941;28.349
588.668;583.416;28.3524
587.376;583.879;28.3825
586.078;584.33;28.4138
584.775;584.769;28.4739
583.466;585.197;28.509
582.15;585.612;28.5446
580.829;586.017;28.5809
579.504;586.41;28.591
578.175;586.794;28.6301
576.841;587.17;28.6973
575.503;587.537;28.7095
574.161;587.897;28.7778
572.814;588.251;28.7907
571.463;588.597;28.8582
570.11;588.938;28.899
568.754;589.273;28.9118
567.395;589.604;28.9524
566.032;589.93;28.9923
564.666;590.25;29.0325
563.295;590.566;29.0716
561.923;590.874;29.1336
560.546;591.174;29.1416
559.167;591.466;29.1735
557.783;591.746;29.2272
556.396;592.014;29.2268
555.006;592.268;29.2493
553.611;592.507;29.2666
552.211;592.729;29.2814
550.809;592.933;29.3203
549.404;593.119;29.3079
547.996;593.287;29.3222
546.584;593.438;29.3396
545.171;593.57;29.3855
543.754;593.684;29.3811
542.334;593.782;29.4334
540.913;593.863;29.4355
539.49;593.931;29.4682
538.065;593.985;29.531
536.638;594.028;29.5682
535.209;594.061;29.6075
533.777;594.085;29.6194
532.344;594.102;29.6875
530.909;594.114;29.7001
529.472;594.121;29.7406
528.033;594.127;29.7809
526.592;594.13;29.8482
525.149;594.132;29.8876
523.704;594.132;29.899
522.258;594.132;29.9377
520.81;594.13;30.0033
519.36;594.128;30.0413
517.908;594.124;30.052
516.454;594.117;30.0894
514.998;594.109;30.1533
513.541;594.097;30.1629
512.082;594.08;30.1984
510.621;594.06;30.2335
509.159;594.034;30.2943
507.695;594.002;30.3282
506.23;593.964;30.3617
504.764;593.918;30.3949
503.292;593.866;30.4277
501.822;593.807;30.4344
500.352;593.74;30.4677
498.88;593.667;30.5283
497.406;593.588;30.5629
495.932;593.503;30.5715
494.455;593.413;30.6072
492.978;593.319;30.6435
491.499;593.223;30.692
490.018;593.124;30.7163
488.535;593.024;30.7794
487.051;592.923;30.8155
485.566;592.821;30.8246
484.078;592.72;30.8872
482.589;592.619;30.8962
481.098;592.517;30.9586
479.605;592.416;30.9675
478.111;592.315;31.0296
476.615;592.213;31.0652
475.616;592.144;31.0889
474.617;592.076;31.1124
473.617;592.007;31.136
472.617;591.937;31.1596
471.616;591.867;31.1831
470.613;591.797;31.2067
469.611;591.726;31.2152
468.607;591.655;31.2387
467.603;591.584;31.2505
466.598;591.512;31.274
465.593;591.44;31.3239
464.586;591.367;31.3207
463.579;591.293;31.3701
462.572;591.217;31.3928
461.563;591.14;31.4152
460.554;591.061;31.4373
459.545;590.98;31.4591
458.535;590.897;31.4542
457.525;590.811;31.4748
456.514;590.721;31.5203
455.503;590.628;31.5392
454.492;590.53;31.5319
453.48;590.429;31.5491
452.469;590.322;31.5902
451.457;590.21;31.5805
450.446;590.092;31.5941
449.065;589.921;31.4204
448.012;589.773;31.5548
446.993;589.631;31.5966
445.982;589.489;31.629
444.973;589.341;31.6154
443.964;589.186;31.6248
442.957;589.023;31.657
441.95;588.851;31.6653
440.946;588.67;31.6496
439.943;588.481;31.6567
438.941;588.283;31.6862
437.941;588.075;31.6915
436.942;587.859;31.6953
435.946;587.633;31.6993
434.951;587.398;31.679
433.959;587.154;31.6814
432.968;586.901;31.6839
431.98;586.637;31.7103
430.995;586.365;31.6889
430.012;586.083;31.7152
429.032;585.791;31.6934
428.055;585.489;31.7188
427.081;585.178;31.6966
426.109;584.857;31.7197
425.141;584.526;31.7212
424.177;584.186;31.6988
423.215;583.835;31.7229
422.258;583.475;31.7228
421.304;583.105;31.722
420.354;582.725;31.7213
419.408;582.335;31.7188
418.467;581.935;31.6924
417.53;581.525;31.6883
416.597;581.105;31.7042
415.67;580.674;31.6973
414.747;580.234;31.6688
413.829;579.781;31.6832
412.916;579.318;31.6498
412.009;578.845;31.6384
411.11;578.36;31.6489
410.216;577.865;31.6363
409.329;577.36;31.601
408.448;576.844;31.6098
407.574;576.318;31.5669
406.689;575.769;31.5606
405.773;575.184;31.5345
404.863;574.583;31.5245
403.955;573.965;31.5024
403.054;573.333;31.4853
402.159;572.686;31.4693
401.253;572.013;31.4535
400.37;571.338;31.4385
399.487;570.643;31.4506
398.609;569.933;31.4401
397.74;569.206;31.3975
396.89;568.475;31.4078
396.044;567.727;31.3981
395.2;566.961;31.357
394.368;566.184;31.3812
393.546;565.397;31.3739
392.722;564.588;31.3668
391.907;563.764;31.3323
391.107;562.932;31.3247
390.325;562.096;31.3104
389.547;561.241;31.2961
388.769;560.363;31.2852
388.001;559.474;31.2972
387.24;558.568;31.2806
386.491;557.65;31.2625
385.746;556.71;31.2409
385.011;555.75;31.1906
384.282;554.768;31.1393
383.575;553.782;31.1484
382.883;552.786;31.0857
382.205;551.777;31.0664
381.531;550.738;30.9941
380.869;549.678;30.9134
380.239;548.629;30.9125
379.629;547.562;30.825
379.046;546.502;30.7549
378.489;545.441;30.6908
377.95;544.372;30.6209
377.435;543.305;30.5499
376.95;542.252;30.5025
376.5;541.223;30.4114
376.075;540.205;30.3479
375.678;539.199;30.2994
375.302;538.193;30.2052
374.95;537.199;30.1645
374.619;536.212;30.083
374.305;535.225;30.0459
374.008;534.228;29.9899
373.729;533.231;29.9337
373.475;532.261;29.8605
373.13;530.811;29.7869
372.822;529.36;29.7306
372.555;527.925;29.6409
372.326;526.505;29.5594
372.131;525.083;29.5449
371.969;523.661;29.4701
371.84;522.238;29.4557
371.745;520.815;29.4157
371.682;519.392;29.385
371.65;517.969;29.3653
371.648;516.548;29.325
371.674;515.127;29.3486
371.728;513.708;29.3542
371.808;512.291;29.369
371.912;510.874;29.3581
372.039;509.459;29.387
372.184;508.045;29.4216
372.347;506.631;29.4628
372.525;505.217;29.5056
372.715;503.803;29.5527
372.914;502.388;29.5988
373.12;500.972;29.6757
373.332;499.555;29.7202
373.547;498.136;29.7632
373.765;496.715;29.8046
373.986;495.293;29.8463
374.21;493.869;29.857
374.436;492.444;29.8968
374.667;491.018;29.9357
374.904;489.59;29.9716
375.148;488.162;30.0057
375.401;486.734;30.0637
375.665;485.306;30.0925
375.94;483.879;30.0996
376.229;482.454;30.1416
376.531;481.029;30.163
376.848;479.607;30.1854
377.18;478.186;30.2079
377.526;476.768;30.2062
377.886;475.351;30.2339
378.26;473.937;30.2936
378.646;472.524;30.2996
379.043;471.113;30.3643
379.452;469.704;30.4013
379.871;468.295;30.4123
380.301;466.888;30.4513
380.74;465.482;30.5148
381.189;464.077;30.5248
381.649;462.674;30.5602
382.12;461.273;30.6193
382.604;459.874;30.6483
383.103;458.479;30.6736
383.617;457.088;30.6701
384.147;455.702;30.7119
384.696;454.322;30.7003
385.262;452.949;30.7115
385.849;451.583;30.745
386.455;450.224;30.7553
387.081;448.874;30.7641
387.726;447.532;30.7515
388.392;446.2;30.7941
389.077;444.875;30.8152
389.78;443.56;30.8162
390.501;442.252;30.8474
391.24;440.953;30.9141
391.994;439.66;30.9273
392.763;438.375;30.9728
393.284;437.521;31.0054
393.811;436.671;31.059
394.345;435.823;31.0885
394.885;434.979;31.1169
395.431;434.137;31.1181
395.984;433.299;31.1687
396.543;432.465;31.1692
397.111;431.633;31.2154
397.687;430.805;31.2334
398.271;429.981;31.2473
398.863;429.164;31.236
399.463;428.353;31.2679
400.071;427.548;31.2735
400.688;426.749;31.2763
401.313;425.957;31.2766
401.948;425.172;31.2749
402.591;424.394;31.2484
403.244;423.623;31.2682
403.909;422.858;31.2626
404.584;422.101;31.2546
405.267;421.353;31.2488
405.958;420.616;31.223
406.656;419.887;31.2272
407.363;419.166;31.2631
408.077;418.452;31.2475
408.798;417.744;31.2904
409.526;417.044;31.3101
410.262;416.35;31.3338
411.004;415.661;31.3321
411.756;414.976;31.3877
412.512;414.296;31.4147
413.27;413.623;31.447
414.032;412.953;31.4801
414.796;412.285;31.4843
415.563;411.619;31.546
416.331;410.953;31.5776
417.1;410.286;31.6079
417.87;409.619;31.6366
418.639;408.95;31.6475
419.411;408.277;31.6866
420.184;407.6;31.6814
420.951;406.924;31.7298
421.716;406.247;31.724
422.479;405.566;31.7453
423.242;404.884;31.7669
424.002;404.198;31.7891
424.762;403.511;31.8121
425.522;402.822;31.8631
426.281;402.132;31.8593
427.042;401.44;31.882
427.805;400.747;31.93
428.569;400.056;31.9493
429.332;399.367;31.9674
430.098;398.68;31.9832
430.866;397.995;31.9966
431.638;397.313;31.9822
432.413;396.635;31.9914
433.192;395.961;31.9985
433.976;395.291;32.0035
434.765;394.627;32.0068
435.56;393.967;32.0069
436.361;393.314;32.0039
437.165;392.668;32.0289
437.973;392.029;32.0021
438.787;391.394;32.0272
439.604;390.766;32.0019
440.426;390.146;32.0065
441.253;389.531;32.0097
442.084;388.921;32.0417
442.92;388.317;32.0497
443.762;387.717;32.0586
444.608;387.123;32.0685
445.456;386.534;32.0536
446.306;385.95;32.0969
447.159;385.368;32.0852
448.013;384.789;32.1303
448.869;384.211;32.1474
449.726;383.634;32.1639
450.583;383.056;32.1523
451.44;382.476;32.1663
452.297;381.894;32.1777
453.154;381.309;32.2117
454.006;380.721;32.192
454.856;380.13;32.2235
455.703;379.536;32.2016
456.548;378.938;32.2311
457.39;378.335;32.2085
458.229;377.729;32.2387
459.065;377.118;32.2428
459.899;376.502;32.2215
460.73;375.88;32.2519
461.558;375.254;32.2554
462.381;374.625;32.261
463.201;373.993;32.2437
464.019;373.357;32.2507
464.834;372.719;32.2816
465.648;372.077;32.2629
466.459;371.432;32.297
467.268;370.783;32.3045
468.075;370.132;32.3108
468.88;369.476;32.3144
469.682;368.816;32.3142
470.48;368.152;32.3123
471.272;367.485;32.3078
472.06;366.813;32.3
472.844;366.136;32.2669
473.623;365.453;32.2709
474.394;364.763;32.2285
475.159;364.066;32.1995
475.915;363.362;32.1794
476.662;362.647;32.1304
477.4;361.924;32.0746
478.125;361.195;31.9991
478.841;360.457;31.9471
479.547;359.712;31.8118
480.241;358.959;31.7846
480.923;358.197;31.6784
481.592;357.427;31.5969
482.247;356.648;31.4801
482.889;355.863;31.3934
483.513;355.065;31.2742
484.124;354.259;31.1298
484.717;353.447;31.0081
485.295;352.628;30.9052
485.859;351.801;30.7657
486.674;350.55;30.6017
487.452;349.284;30.4042
488.193;348.005;30.2321
488.896;346.714;30.0767
489.56;345.408;29.8669
490.182;344.093;29.721
490.766;342.768;29.5512
491.313;341.436;29.4032
491.821;340.095;29.265
492.292;338.75;29.131
492.727;337.398;29.0562
493.124;336.04;28.9583
493.482;334.676;28.8908
493.805;333.31;28.8056
494.094;331.941;28.7828
494.349;330.568;28.734
494.572;329.194;28.6698
494.763;327.819;28.6436
494.924;326.441;28.6073
495.052;325.063;28.5792
495.15;323.683;28.567
495.218;322.304;28.5361
495.257;320.926;28.5064
495.266;319.548;28.4476
495.245;318.172;28.4348
495.194;316.799;28.3763
495.112;315.427;28.3558
495;314.06;28.3046
494.856;312.699;28.2346
494.68;311.342;28.2006
494.472;309.992;28.1147
494.232;308.652;28.0686
493.959;307.319;27.9738
493.654;305.996;27.8998
493.318;304.687;27.8063
492.95;303.39;27.6912
492.55;302.107;27.5575
492.119;300.842;27.4152
491.657;299.595;27.2605
491.166;298.369;27.0615
490.646;297.165;26.8448
490.097;295.987;26.6087
489.52;294.832;26.392
488.915;293.704;26.1537
488.282;292.602;25.9433
487.624;291.526;25.763
486.937;290.478;25.5913
486.223;289.456;25.4218
485.485;288.464;25.2187
484.723;287.503;25.0326
483.939;286.571;24.8686
483.132;285.669;24.7305
482.303;284.796;24.6152
481.453;283.951;24.524
480.584;283.133;24.4625
479.695;282.342;24.4265
478.788;281.574;24.4307
477.865;280.828;24.446
476.928;280.101;24.4598
475.978;279.388;24.5083
475.02;278.683;24.5657
474.057;277.983;24.647
473.091;277.281;24.7014
472.126;276.576;24.7287
471.162;275.865;24.8017
470.2;275.147;24.8254
469.24;274.422;24.9048
468.281;273.69;24.9356
467.323;272.953;25.0227
466.363;272.215;25.0585
465.4;271.475;25.149
464.432;270.738;25.1835
463.457;270.005;25.243
462.473;269.278;25.3275
461.481;268.558;25.3834
460.48;267.847;25.4386
459.47;267.142;25.4675
458.452;266.446;25.5282
457.425;265.757;25.6199
456.383;265.072;25.684
455.337;264.399;25.7205
454.282;263.735;25.7829
453.218;263.079;25.8466
452.147;262.432;25.9294
451.067;261.795;25.9584
449.977;261.17;26.0135
448.875;260.559;26.0601
447.759;259.967;26.0928
446.63;259.396;26.1314
445.49;258.85;26.1408
444.337;258.329;26.1355
443.174;257.833;26.1004
442.002;257.363;26.0825
440.82;256.921;26.0543
439.625;256.512;25.9975
438.417;256.139;25.9421
437.202;255.807;25.8643
435.981;255.515;25.785
434.754;255.26;25.6843
433.525;255.041;25.617
432.295;254.858;25.5276
431.062;254.712;25.4665
429.824;254.606;25.3885
428.583;254.542;25.3038
427.349;254.523;25.2485
426.117;254.544;25.2175
424.888;254.601;25.2009
423.664;254.691;25.2048
422.445;254.812;25.2439
421.226;254.963;25.2983
420.003;255.147;25.3653
418.783;255.362;25.4436
417.569;255.603;25.5399
416.356;255.864;25.645
415.143;256.138;25.7405
413.929;256.421;25.8798
412.711;256.711;25.9842
411.488;257.004;26.0508
410.254;257.302;26.1787
409.016;257.601;26.2682
407.779;257.901;26.358
406.539;258.201;26.4134
405.296;258.505;26.5287
404.051;258.814;26.6126
402.803;259.131;26.6931
401.552;259.461;26.7364
400.298;259.811;26.799
399.05;260.178;26.8512
397.808;260.565;26.9169
396.571;260.975;26.9275
395.34;261.407;26.9527
394.117;261.863;26.9685
392.902;262.343;26.9818
391.696;262.85;27.0123
390.498;263.388;26.9866
389.315;263.955;26.9743
388.152;264.553;26.989
387.002;265.178;26.9812
385.869;265.831;26.9503
384.752;266.512;26.965
383.652;267.22;26.9401
382.569;267.957;26.9404
381.504;268.723;26.9593
380.462;269.515;26.943
379.441;270.332;26.9573
378.44;271.174;26.9982
377.457;272.04;27.0202
376.495;272.929;27.0452
375.552;273.84;27.049
374.629;274.773;27.1071
373.726;275.73;27.1418
372.843;276.707;27.1759
371.982;277.703;27.2173
371.14;278.718;27.2359
370.316;279.751;27.2838
369.511;280.801;27.3361
368.723;281.868;27.4231
367.952;282.95;27.4854
367.198;284.048;27.5533
366.458;285.159;27.596
365.732;286.283;27.6709
365.019;287.42;27.7768
364.317;288.568;27.8552
363.627;289.727;27.9345
362.947;290.896;27.984
362.277;292.075;28.0629
361.616;293.265;28.1709
360.965;294.465;28.2473
360.325;295.672;28.2964
359.692;296.888;28.3737
359.067;298.113;28.4797
358.449;299.346;28.5586
357.839;300.586;28.6095
357.235;301.835;28.72
356.636;303.092;28.7979
356.043;304.354;28.8814
355.452;305.62;28.9338
354.862;306.891;29.0158
354.27;308.167;29.1262
353.675;309.445;29.2061
353.077;310.726;29.2846
352.473;312.01;29.3324
351.864;313.297;29.4321
351.25;314.581;29.4757
350.63;315.866;29.5496
350.003;317.153;29.6235
349.366;318.439;29.7264
348.721;319.726;29.801
348.07;321.013;29.8759
347.411;322.303;29.9488
346.748;323.593;29.9928
346.082;324.883;30.0979
345.41;326.175;30.1455
344.733;327.47;30.2216
344.053;328.766;30.3261
343.369;330.065;30.3738
342.684;331.368;30.4747
341.998;332.675;30.5209
341.312;333.985;30.5944
340.625;335.298;30.697
339.936;336.615;30.763
339.248;337.934;30.7722
338.561;339.254;30.7667
337.878;340.574;30.7525
337.195;341.898;30.7866
336.514;343.227;30.8529
335.831;344.557;30.9472
335.149;345.89;31.0149
334.694;346.781;31.0603
334.238;347.674;31.1055
333.782;348.567;31.1501
333.326;349.462;31.1675
332.869;350.358;31.2385
332.411;351.257;31.2572
331.95;352.158;31.326
331.489;353.057;31.3694
331.025;353.956;31.4119
330.558;354.856;31.4279
330.088;355.755;31.495
329.614;356.654;31.5099
329.137;357.552;31.5752
328.656;358.45;31.6132
328.172;359.347;31.6255
327.683;360.244;31.6879
327.188;361.141;31.6989
326.689;362.038;31.7327
326.186;362.93;31.7685
325.678;363.821;31.8032
325.163;364.71;31.8615
324.643;365.596;31.8935
324.117;366.48;31.9239
323.584;367.362;31.9526
323.044;368.24;31.9787
322.498;369.115;31.9806
321.942;369.989;32.0023
321.378;370.859;32.019
320.808;371.722;32.0567
320.229;372.579;32.0473
319.642;373.431;32.0569
319.045;374.278;32.0845
318.439;375.117;32.0662
317.824;375.951;32.0891
317.2;376.778;32.0893
316.566;377.597;32.0656
315.92;378.411;32.0607
315.262;379.217;32.0518
314.596;380.014;32.0421
313.921;380.8;32.0613
313.237;381.578;32.0573
312.543;382.348;32.0532
311.84;383.109;32.0493
311.128;383.862;32.0458
310.407;384.605;32.02
309.676;385.339;32.0392
308.936;386.064;32.0133
308.186;386.779;32.029
307.426;387.484;31.9987
306.658;388.178;32.01
305.883;388.862;32.005
305.099;389.536;32.0011
304.307;390.201;31.9913
303.508;390.856;31.9825
302.701;391.5;31.9523
301.885;392.135;31.9522
301.062;392.758;31.9292
300.232;393.37;31.902
299.394;393.97;31.8677
298.548;394.558;31.8283
297.695;395.134;31.7862
296.835;395.696;31.7318
295.968;396.246;31.6895
295.094;396.782;31.6383
294.214;397.305;31.5872
293.327;397.813;31.5229
292.433;398.307;31.4668
291.533;398.788;31.4292
290.627;399.253;31.3817
289.715;399.705;31.3352
288.797;400.142;31.2917
287.874;400.564;31.2352
286.946;400.972;31.2012
286.012;401.365;31.1722
285.073;401.744;31.1519
284.129;402.109;31.1407
283.18;402.46;31.1377
282.227;402.798;31.1691
281.27;403.123;31.1883
280.308;403.436;31.2149
279.343;403.737;31.2504
278.373;404.027;31.2949
277.4;404.307;31.3457
276.423;404.578;31.401
275.443;404.842;31.4602
274.461;405.1;31.4926
273.475;405.353;31.5536
272.487;405.603;31.6408
271.497;405.852;31.6695
270.505;406.101;31.723
269.512;406.351;31.7732
268.518;406.603;31.8209
267.523;406.858;31.8934
266.527;407.116;31.938
265.531;407.378;31.9825
264.534;407.643;32.0009
263.537;407.912;32.0464
262.539;408.186;32.119
261.541;408.462;32.1399
260.542;408.743;32.2142
259.543;409.027;32.2627
258.542;409.313;32.3119
257.541;409.602;32.3613
256.539;409.894;32.4107
255.536;410.187;32.4602
254.532;410.482;32.5098
253.526;410.777;32.5592
252.519;411.074;32.582
251.51;411.37;32.631
250.5;411.666;32.6794
249.487;411.961;32.7526
248.473;412.254;32.7736
247.456;412.544;32.8443
246.437;412.831;32.8633
245.415;413.115;32.9057
244.391;413.395;32.9464
243.364;413.669;32.985
242.334;413.938;33.0457
241.302;414.201;33.0811
240.266;414.457;33.1146
239.228;414.707;33.1467
238.187;414.95;33.1539
237.143;415.185;33.2084
236.096;415.412;33.2142
235.047;415.632;33.2692
233.995;415.843;33.301
232.94;416.047;33.3339
231.882;416.243;33.3436
230.822;416.431;33.3807
229.76;416.613;33.4464
228.695;416.787;33.4629
227.628;416.956;33.5347
226.558;417.118;33.5825
225.486;417.276;33.6059
224.413;417.429;33.6843
223.337;417.579;33.7104
222.259;417.727;33.7899
221.179;417.873;33.8164
220.098;418.018;33.8685
219.015;418.164;33.9191
217.93;418.311;33.9941
216.844;418.459;34.0419
215.757;418.611;34.063
214.669;418.765;34.1087
213.58;418.922;34.1789
212.49;419.083;34.1985
211.399;419.248;34.243
210.308;419.417;34.3133
209.215;419.589;34.3334
208.121;419.765;34.3791
207.026;419.945;34.451
205.931;420.128;34.4727
204.834;420.315;34.5204
203.737;420.504;34.5941
202.638;420.696;34.6426
201.538;420.891;34.6915
200.438;421.087;34.7407
199.335;421.285;34.7642
198.231;421.483;34.8131
197.126;421.683;34.862
196.02;421.884;34.9106
194.912;422.084;34.9591
193.802;422.285;35.0329
192.69;422.485;35.0558
191.577;422.685;35.1034
190.463;422.885;35.177
189.347;423.084;35.1996
188.229;423.282;35.2727
187.109;423.48;35.3205
185.988;423.678;35.3682
184.865;423.874;35.416
183.74;424.071;35.4638
182.614;424.266;35.5114
181.486;424.462;35.5591
180.357;424.657;35.6069
179.226;424.851;35.6546
178.093;425.046;35.7021
176.959;425.24;35.7246
175.823;425.434;35.7722
174.686;425.628;35.8196
173.547;425.822;35.8922
172.406;426.016;35.9395
171.264;426.21;35.9869
170.121;426.405;36.0093
168.976;426.599;36.0816
167.829;426.794;36.1289
166.681;426.989;36.1747
165.531;427.184;36.2233
164.38;427.38;36.2704
163.228;427.575;36.2925
162.074;427.771;36.3396
160.918;427.968;36.4116
159.761;428.164;36.4587
158.603;428.362;36.5056
157.443;428.559;36.5525
156.282;428.757;36.5745
155.119;428.955;36.6214
153.954;429.153;36.6682
152.789;429.352;36.715
151.621;429.551;36.7866
150.453;429.751;36.8334
149.282;429.95;36.8553
148.111;430.151;36.9019
146.938;430.351;36.9486
145.763;430.552;36.9952
144.587;430.753;37.0417
143.409;430.954;37.1131
142.23;431.156;37.158
141.05;431.358;37.2061
139.868;431.56;37.2277
138.684;431.762;37.2989
137.499;431.963;37.3204
136.312;432.165;37.3911
135.124;432.365;37.412
133.934;432.563;37.4812
132.742;432.76;37.525
131.548;432.954;37.544
130.353;433.145;37.6092
129.155;433.332;37.649
127.955;433.514;37.682
126.754;433.691;37.7216
125.55;433.862;37.7539
124.344;434.027;37.7831
123.137;434.184;37.8094
121.927;434.333;37.8326
120.715;434.474;37.8319
119.502;434.606;37.8507
118.287;434.729;37.8897
117.07;434.842;37.9059
115.851;434.945;37.9218
114.631;435.039;37.9153
113.409;435.122;37.9559
112.187;435.196;37.9754
110.962;435.26;37.9981
109.737;435.313;38.0236
108.51;435.358;38.0524
107.282;435.393;38.085
106.053;435.419;38.0963
104.823;435.436;38.1359
103.591;435.446;38.2044
102.359;435.448;38.2502
101.125;435.443;38.2985
99.8896;435.433;38.3225
98.6531;435.417;38.3733
97.4151;435.397;38.4244
96.1758;435.374;38.4755
94.935;435.348;38.5262
93.6927;435.319;38.5762
92.4489;435.29;38.6256
91.2036;435.26;38.6742
89.9567;435.23;38.7479
88.7083;435.2;38.7932
87.4584;435.171;38.8422
86.2069;435.143;38.8888
84.9539;435.116;38.9353
83.6994;435.09;38.9817
82.4433;435.066;39.0028
81.1857;435.044;39.0743
79.9267;435.022;39.0954
78.6661;435.002;39.1417
77.404;434.983;39.2113
76.1404;434.965;39.2346
74.8753;434.948;39.281
73.6087;434.931;39.3275
72.3406;434.914;39.3738
71.0711;434.897;39.4446
69.8;434.879;39.4655
68.5275;434.861;39.5108
67.2536;434.84;39.5555
65.9783;434.818;39.5996
64.7016;434.794;39.643
63.4236;434.766;39.7098
62.1442;434.736;39.7277
60.8636;434.703;39.7689
59.5816;434.666;39.8328
58.2985;434.624;39.8484
57.0143;434.578;39.8869
55.729;434.527;39.9246
54.4427;434.471;39.985
53.1553;434.41;40.0217
51.867;434.344;40.0579
50.5778;434.271;40.0938
49.2876;434.193;40.1061
47.9967;434.109;40.1654
46.705;434.019;40.2013
45.4126;433.923;40.2136
44.1195;433.821;40.2494
42.8257;433.712;40.2855
41.5313;433.598;40.3443
40.2362;433.476;40.3799
38.9406;433.349;40.3923
37.6446;433.215;40.4505
36.3482;433.074;40.4855
35.0513;432.927;40.52
33.7541;432.773;40.5542
32.4566;432.612;40.5882
31.1588;432.444;40.6218
29.8608;432.27;40.6319
28.5626;432.088;40.6644
27.2645;431.9;40.6966
25.9663;431.704;40.7514
24.6682;431.5;40.7601
23.3702;431.29;40.8147
22.0723;431.072;40.8237
20.7745;430.847;40.8561
19.4767;430.615;40.8889
18.1793;430.375;40.9453
16.8822;430.128;40.9552
15.5855;429.874;41.0116
14.2891;429.612;41.0452
12.9931;429.344;41.0789
11.6975;429.068;41.0895
10.4022;428.785;41.1233
9.10732;428.494;41.157
7.81312;428.197;41.2139
6.51951;427.893;41.2476
5.22648;427.581;41.2579
3.93408;427.263;41.2911
2.64236;426.937;41.324
1.35126;426.605;41.3793
0.0605103;426.265;41.3884
-1.2293;425.918;41.435
-2.51782;425.564;41.4505
-3.80518;425.202;41.5018
-5.09124;424.832;41.5284
-6.37579;424.453;41.552
-7.65855;424.067;41.5528
-8.94032;423.671;41.5703
-10.22;423.265;41.6
-11.4958;422.848;41.587
-12.7681;422.421;41.6026
-14.0363;421.984;41.5795
-15.3012;421.534;41.5688
-16.5625;421.073;41.5224
-17.8178;420.601;41.4547
-19.0667;420.114;41.3232
-20.3056;419.615;41.1633
-21.5333;419.104;40.9818
-22.7505;418.58;40.8211
-23.9577;418.045;40.5975
-25.1551;417.5;40.337
-26.3404;416.94;40.1191
-27.5143;416.366;39.8012
-28.6723;415.776;39.6897
-29.8164;415.173;39.4666
-30.9477;414.556;39.2408
-32.0659;413.926;39.0131
-33.171;413.283;38.7908
-34.2628;412.628;38.5656
-35.3416;411.957;38.3289
-36.4056;411.27;38.0641
-37.4495;410.568;37.8291
-38.4744;409.853;37.5871
-39.4831;409.126;37.3484
-40.4761;408.388;37.1066
-41.4531;407.638;36.884
-42.4146;406.873;36.6568
-43.3572;406.093;36.402
-44.2767;405.302;36.1991
-45.1748;404.5;36.0325
-46.0558;403.687;35.8801
-46.9201;402.864;35.7337
-47.7678;402.031;35.6097
-48.5989;401.189;35.4845
-49.4135;400.333;35.3626
-50.2066;399.459;35.2014
-50.9775;398.578;35.0528
-51.7222;397.691;34.9944
-52.4484;396.795;34.9476
-53.1605;395.891;34.8908
-53.8578;394.98;34.8696
-54.5396;394.058;34.8161
-55.2025;393.12;34.7535
-55.8455;392.173;34.6867
-56.4663;391.23;34.6667
-57.0698;390.28;34.6874
-57.6634;389.322;34.6863
-58.2458;388.36;34.668
-58.816;387.391;34.6643
-59.3729;386.417;34.6374
-59.9148;385.432;34.5831
-60.4441;384.444;34.523
-60.9567;383.457;34.4622
-61.4591;382.468;34.4195
-61.9521;381.474;34.3939
-62.4347;380.477;34.3689
-62.9057;379.474;34.3578
-63.365;378.469;34.3298
-63.8122;377.46;34.2972
-64.2466;376.442;34.2548
-64.6692;375.42;34.1882
-65.0768;374.397;34.1343
-65.471;373.371;34.0744
-65.852;372.341;34.0208
-66.2194;371.309;33.9505
-66.5735;370.274;33.8655
-66.9137;369.236;33.7906
-67.2397;368.194;33.6713
-67.5509;367.15;33.6322
-67.8587;366.06;33.5537
-68.1393;365.012;33.4834
-68.4055;363.962;33.44
-68.6574;362.911;33.3651
-68.8959;361.858;33.3377
-69.1207;360.804;33.2755
-69.332;359.748;33.2676
-69.5304;358.691;33.2236
-69.7168;357.632;33.2152
-69.8918;356.573;33.2172
-70.0569;355.512;33.2304
-70.2126;354.45;33.2542
-70.3609;353.387;33.3144
-70.503;352.323;33.3231
-70.6405;351.257;33.3611
-70.7756;350.191;33.4252
-70.9102;349.124;33.4539
-71.0468;348.056;33.4498
-71.1875;346.989;33.4858
-71.3337;345.921;33.4616
-71.487;344.855;33.4517
-71.6489;343.79;33.4521
-71.8191;342.727;33.4198
-71.9991;341.665;33.3819
-72.1907;340.606;33.3335
-72.3922;339.55;33.2778
-72.6065;338.497;33.2003
-72.8336;337.448;33.1497
-73.0723;336.402;33.0596
-73.3245;335.362;32.9887
-73.5902;334.325;32.9105
-73.8685;333.294;32.8265
-74.1606;332.269;32.764
-74.4677;331.25;32.6187
-74.7888;330.237;32.573
-75.1236;329.231;32.4887
-75.4737;328.233;32.4058
-75.8386;327.241;32.3131
-76.2171;326.258;32.2224
-76.6101;325.284;32.1395
-77.0183;324.318;32.0582
-77.4421;323.36;31.9656
-77.8796;322.412;31.8786
-78.3328;321.475;31.8096
-78.8009;320.547;31.7219
-79.2837;319.63;31.6158
-79.7815;318.724;31.5434
-80.2939;317.829;31.4404
-80.8208;316.946;31.3553
-81.3619;316.075;31.2921
-81.9169;315.215;31.197
-82.4856;314.368;31.1396
-83.0678;313.534;31.0496
-83.6635;312.712;30.997
-84.2722;311.903;30.9117
-84.8937;311.106;30.8489
-85.5278;310.323;30.7899
-86.174;309.553;30.7348
-86.8322;308.796;30.7068
-87.5021;308.051;30.6418
-88.5284;306.959;30.6116
-89.5797;305.896;30.5502
-90.6553;304.861;30.5555
-91.7539;303.854;30.5224
-92.8745;302.874;30.5328
-94.016;301.919;30.5585
-95.1774;300.989;30.596
-96.3573;300.082;30.6774
-97.5547;299.196;30.737
-98.7682;298.328;30.7684
-99.996;297.478;30.8711
-101.237;296.642;30.9439
-102.489;295.817;30.9837
-103.329;295.273;31.0653
-104.174;294.733;31.1125
-105.023;294.196;31.1595
-105.875;293.664;31.2059
-106.732;293.134;31.2517
-107.591;292.606;31.2655
-108.454;292.081;31.3432
-109.32;291.558;31.3885
-110.188;291.037;31.4243
-111.059;290.518;31.468
-111.933;290.001;31.4896
-112.809;289.485;31.5627
-113.688;288.971;31.5753
-114.57;288.459;31.6174
-115.455;287.948;31.6879
-116.341;287.439;31.7283
-117.231;286.931;31.7396
-118.122;286.426;31.7794
-119.016;285.922;31.847
-119.912;285.42;31.8852
-120.811;284.92;31.8949
-121.713;284.422;31.932
-122.617;283.927;31.9686
-123.524;283.434;32.0316
-124.434;282.944;32.0664
-125.347;282.456;32.0735
-126.262;281.972;32.1079
-127.18;281.491;32.142
-128.101;281.012;32.1761
-129.025;280.536;32.2102
-129.951;280.063;32.2717
-130.88;279.593;32.3058
-131.812;279.126;32.34
-132.747;278.662;32.3471
-133.683;278.2;32.4093
-134.622;277.74;32.4172
-135.564;277.282;32.48
-136.507;276.826;32.4889
-137.452;276.37;32.525
-138.399;275.916;32.5612
-139.347;275.463;32.6243
-140.297;275.009;32.6334
-141.248;274.555;32.6693
-142.2;274.101;32.7049
-143.152;273.645;32.74
-144.105;273.189;32.8009
-145.059;272.73;32.809
-146.013;272.27;32.8689
-146.967;271.807;32.9025
-147.921;271.342;32.9358
-148.875;270.875;32.9431
-149.829;270.405;33.0022
-150.783;269.933;33.0349
-151.737;269.458;33.0423
-152.69;268.98;33.1006
-153.644;268.499;33.1242
-154.597;268.015;33.1667
-155.55;267.529;33.2002
-156.503;267.04;33.2082
-157.456;266.549;33.2679
-158.409;266.056;33.3022
-159.362;265.561;33.3367
-160.316;265.064;33.3454
-161.27;264.565;33.3801
-162.224;264.066;33.415
-163.18;263.565;33.4498
-164.136;263.064;33.4845
-165.094;262.562;33.5452
-166.052;262.06;33.5797
-167.012;261.559;33.588
-167.974;261.057;33.6221
-168.936;260.556;33.6562
-169.901;260.056;33.6903
-170.867;259.556;33.7242
-171.834;259.057;33.7581
-172.803;258.559;33.7922
-173.774;258.062;33.8522
-174.747;257.565;33.8865
-175.721;257.069;33.9208
-176.696;256.574;33.9294
-177.673;256.079;33.9898
-178.652;255.584;33.9986
-179.632;255.089;34.0334
-180.612;254.594;34.0938
-181.594;254.099;34.1028
-182.578;253.604;34.1632
-183.562;253.108;34.1893
-184.547;252.611;34.2323
-185.532;252.113;34.2413
-186.519;251.615;34.3012
-187.506;251.115;34.3355
-188.493;250.613;34.3443
-189.481;250.11;34.4038
-190.47;249.605;34.412
-191.458;249.098;34.4444
-192.445;248.587;34.4756
-193.432;248.072;34.5289
-194.418;247.554;34.5338
-195.402;247.03;34.5606
-196.384;246.502;34.6071
-197.365;245.968;34.6057
-198.342;245.427;34.6234
-199.316;244.879;34.6373
-200.287;244.323;34.6475
-201.253;243.76;34.674
-202.215;243.188;34.6559
-203.172;242.607;34.6749
-204.123;242.017;34.646
-205.069;241.417;34.6646
-206.008;240.809;34.636
-206.942;240.19;34.6498
-207.869;239.562;34.6204
-208.789;238.924;34.6143
-209.703;238.277;34.6334
-210.61;237.62;34.6327
-211.511;236.954;34.6114
-212.404;236.278;34.6168
-213.291;235.594;34.6494
-214.171;234.9;34.661
-215.044;234.198;34.651
-215.91;233.487;34.6932
-216.771;232.768;34.6887
-217.625;232.04;34.711
-218.473;231.306;34.735
-219.315;230.563;34.7597
-220.152;229.814;34.7848
-220.983;229.057;34.834
-221.809;228.293;34.8582
-222.629;227.523;34.8578
-223.443;226.746;34.9043
-224.253;225.962;34.9261
-225.056;225.171;34.9483
-225.854;224.375;34.9696
-226.647;223.571;34.9659
-227.434;222.761;35.0087
-228.215;221.945;35.0262
-228.99;221.122;35.0422
-229.758;220.292;35.0335
-230.52;219.455;35.0467
-231.275;218.611;35.0589
-232.023;217.761;35.0933
-232.763;216.903;35.1039
-233.497;216.039;35.0915
-234.223;215.168;35.1035
-234.942;214.29;35.1406
-235.653;213.406;35.13
-236.357;212.515;35.1452
-237.054;211.618;35.162
-237.744;210.715;35.1807
-238.427;209.806;35.2015
-239.103;208.89;35.2247
-239.772;207.969;35.2737
-240.434;207.043;35.2995
-241.09;206.111;35.327
-241.741;205.174;35.3306
-242.386;204.232;35.3615
-243.026;203.286;35.394
-243.661;202.335;35.4287
-244.292;201.381;35.4645
-244.92;200.423;35.5193
-245.545;199.461;35.565
-246.167;198.497;35.5754
-246.787;197.529;35.6116
-247.403;196.559;35.6473
-248.018;195.586;35.6817
-248.629;194.61;35.7395
-249.238;193.631;35.7718
-249.844;192.648;35.8021
-250.446;191.663;35.8299
-251.043;190.674;35.8321
-251.636;189.681;35.8541
-252.222;188.683;35.8716
-252.802;187.681;35.8837
-253.374;186.674;35.8897
-253.938;185.662;35.8889
-254.492;184.644;35.8808
-255.036;183.621;35.8652
-255.569;182.592;35.8422
-256.091;181.558;35.8122
-256.6;180.519;35.7934
-257.097;179.473;35.7338
-257.581;178.423;35.7078
-258.052;177.367;35.6407
-258.509;176.307;35.6102
-258.952;175.241;35.5595
-259.38;174.171;35.5088
-259.794;173.096;35.4593
-260.193;172.017;35.4118
-260.578;170.933;35.3676
-260.948;169.846;35.3059
-261.302;168.755;35.2917
-261.642;167.66;35.2613
-261.967;166.562;35.2382
-262.278;165.46;35.198
-262.574;164.355;35.2129
-262.857;163.248;35.1857
-263.125;162.137;35.1897
-263.38;161.024;35.2004
-263.622;159.908;35.2432
-263.852;158.789;35.2656
-264.07;157.668;35.2925
-264.276;156.545;35.3116
-264.472;155.419;35.3287
-264.657;154.291;35.3922
-264.834;153.161;35.4022
-265.002;152.029;35.4693
-265.163;150.895;35.5091
-265.316;149.759;35.549
-265.464;148.62;35.5886
-265.606;147.481;35.6279
-265.743;146.339;35.6387
-265.875;145.196;35.705
-266.003;144.051;35.715
-266.127;142.905;35.7524
-266.248;141.757;35.7895
-266.364;140.607;35.8265
-266.477;139.456;35.8635
-266.587;138.303;35.9276
-266.693;137.149;35.9363
-266.797;135.993;35.9721
-266.896;134.836;36.0074
-266.993;133.678;36.0422
-267.085;132.518;36.1027
-267.173;131.357;36.1352
-267.258;130.194;36.1663
-267.337;129.03;36.196
-267.411;127.865;36.1991
-267.48;126.698;36.2517
-267.543;125.53;36.2524
-267.6;124.361;36.3006
-267.65;123.191;36.3215
-267.692;122.02;36.3162
-267.727;120.848;36.3552
-267.754;119.675;36.3674
-267.771;118.502;36.354
-267.779;117.328;36.3817
-267.777;116.154;36.3833
-267.764;114.979;36.3809
-267.741;113.805;36.3744
-267.705;112.631;36.3639
-267.658;111.457;36.3291
-267.599;110.284;36.3129
-267.527;109.112;36.3167
-267.443;107.941;36.297
-267.346;106.772;36.2761
-267.236;105.603;36.2544
-267.112;104.437;36.2105
-266.976;103.272;36.2116
-266.826;102.11;36.1917
-266.662;100.95;36.1505
-266.486;99.7921;36.1576
-266.296;98.6369;36.1442
-266.093;97.4842;36.1098
-265.877;96.3344;36.1025
-265.647;95.1873;36.1234
-265.406;94.043;36.0994
-265.152;92.9015;36.1287
-264.885;91.763;36.1358
-264.607;90.6273;36.1452
-264.317;89.4947;36.1561
-264.015;88.365;36.1677
-263.702;87.2384;36.1792
-263.377;86.115;36.1666
-263.041;84.9948;36.1766
-262.694;83.8781;36.1843
-262.335;82.7648;36.1897
-261.965;81.6552;36.1942
-261.584;80.5493;36.217
-261.191;79.4473;36.1939
-260.787;78.3494;36.2114
-260.372;77.256;36.182
-259.944;76.1674;36.1699
-259.505;75.084;36.1531
-259.053;74.0059;36.1512
-258.588;72.9338;36.1242
-258.111;71.8679;36.092
-257.621;70.8085;36.0357
-257.117;69.7562;36.0123
-256.601;68.7113;35.9464
-256.072;67.6742;35.9136
-255.529;66.6453;35.8391
-254.973;65.6247;35.8026
-254.403;64.6128;35.7448
-253.821;63.6099;35.6861
-253.225;62.6162;35.6066
-252.617;61.6321;35.549
-251.995;60.6577;35.516
-251.361;59.6933;35.4649
-250.714;58.7388;35.3949
-250.055;57.7944;35.3539
-249.383;56.8601;35.3459
-248.7;55.9358;35.2952
-248.005;55.0215;35.2786
-247.298;54.117;35.299
-246.581;53.222;35.2743
-245.852;52.3362;35.3169
-245.114;51.459;35.3426
-244.366;50.5898;35.348
-243.61;49.7278;35.4259
-242.845;48.872;35.4487
-242.073;48.0214;35.5413
-241.295;47.1748;35.6044
-240.513;46.331;35.6665
-239.727;45.4888;35.7246
-238.939;44.6466;35.7464
-238.15;43.8031;35.8212
-237.362;42.9573;35.8597
-236.576;42.1083;35.8927
-235.792;41.2557;35.8935
-235.01;40.4;35.9238
-234.231;39.5404;35.9834
-233.454;38.6771;36.0054
-232.679;37.8105;36.0241
-231.905;36.9413;36.064
-231.131;36.0703;36.1329
-230.357;35.1986;36.1479
-229.58;34.3272;36.187
-228.8;33.4576;36.22
-228.015;32.5911;36.2661
-227.224;31.7292;36.257
-226.426;30.8733;36.2571
-225.621;30.0245;36.2434
-224.806;29.1837;36.218
-223.983;28.3519;36.1993
-223.151;27.5299;36.1491
-222.31;26.7185;36.0696
-221.459;25.9184;36.0192
-220.599;25.13;35.9429
-219.73;24.354;35.8003
-218.851;23.5909;35.7755
-217.963;22.841;35.6681
-217.066;22.1048;35.5981
-216.16;21.3826;35.4894
-215.246;20.6747;35.4013
-214.322;19.9816;35.315
-213.391;19.3035;35.1922
-212.451;18.6403;35.1531
-211.503;17.9924;35.0799
-210.547;17.3599;35.0319
-209.584;16.7429;34.9476
-208.614;16.1417;34.8882
-207.636;15.5563;34.8533
-206.652;14.9867;34.7823
-205.661;14.433;34.7355
-204.663;13.8953;34.7121
-203.659;13.3734;34.652
-202.65;12.8675;34.6357
-201.634;12.3773;34.5827
-200.613;11.9027;34.5536
-199.586;11.4436;34.5481
-198.554;11.0002;34.5026
-197.517;10.5721;34.4701
-196.475;10.1594;34.4594
-195.429;9.76188;34.4616
-194.378;9.37953;34.4218
-193.322;9.01223;34.4047
-192.263;8.65984;34.3884
-191.2;8.32211;34.3996
-190.133;7.99879;34.3651
-189.062;7.68984;34.3568
-187.988;7.39492;34.3768
-186.91;7.11398;34.349
-185.83;6.84668;34.3494
-184.746;6.59266;34.382
-183.659;6.35164;34.3636
-182.569;6.1232;34.3775
-181.477;5.90691;34.4267
-180.382;5.70203;34.4213
-179.202;5.49418;34.4882
-177.987;5.2932;34.5268
-176.774;5.10453;34.5593
-175.565;4.92738;34.6179
-174.339;4.75758;34.6329
-173.134;4.59895;34.6843
-171.896;4.44312;34.738
-170.697;4.2977;34.8155
-169.485;4.15492;34.8414
-168.282;4.0166;34.891
-167.094;3.88211;34.9386
-165.934;3.75215;34.9836
-164.728;3.61805;35.0614
-163.529;3.48516;35.1043
-162.355;3.35562;35.1167
-161.176;3.22637;35.159
-160.027;3.10129;35.1997
-158.867;2.97664;35.2682
-157.724;2.85562;35.3076
-156.548;2.73383;35.3356
-155.395;2.61762;35.3708
-154.216;2.50273;35.4158
-153.048;2.39328;35.449
-151.849;2.28629;35.4525
-150.648;2.18488;35.4822
-149.44;2.08922;35.5384
-148.208;1.99871;35.5378
-146.955;1.91426;35.5933
-145.7;1.8373;35.5919
-144.437;1.76781;35.6338
-143.167;1.70574;35.6484
-141.886;1.65105;35.679
-140.601;1.60371;35.7116
-139.296;1.56285;35.7468
-137.991;1.52875;35.7841
-136.683;1.50059;35.8533
-135.375;1.4777;35.8639
-134.081;1.4593;35.905
-132.748;1.44391;35.9478
-131.435;1.43117;35.9897
-130.109;1.41977;36.0609
-128.819;1.40926;36.1008
-127.53;1.3984;36.1105
-126.219;1.38633;36.1782
-124.915;1.3727;36.2154
-123.637;1.35746;36.2233
-122.392;1.34039;36.2858
-121.156;1.32113;36.3202
-119.92;1.29945;36.3276
-118.669;1.275;36.3627
-117.41;1.24785;36.3981
-116.158;1.21852;36.4606
-114.925;1.1875;36.4953
-113.694;1.15453;36.5033
-112.472;1.12008;36.5381
-111.256;1.0843;36.5728
-110.057;1.04777;36.607
-108.842;1.00977;36.6678
-107.629;0.970977;36.6759
-106.413;0.931445;36.7366
-105.2;0.891641;36.7445
-103.976;0.851172;36.8046
-102.78;0.811562;36.8123
-101.565;0.771367;36.8629
-100.354;0.731445;36.8968
-99.1293;0.691328;36.9395
-97.9079;0.651602;36.9732
-96.7062;0.612812;36.9803
-95.5101;0.57457;37.0294
-94.3159;0.536797;37.0712
-93.1206;0.499336;37.1038
-91.9243;0.462227;37.1365
-90.7155;0.425117;37.1438
-89.5081;0.388359;37.2021
-88.3022;0.351953;37.2091
-87.0888;0.315703;37.2672
-85.8872;0.28;37.2742
-84.6845;0.244609;37.3065
-83.4808;0.209492;37.3388
-82.276;0.174766;37.387
-81.0702;0.140625;37.403
-79.8633;0.107227;37.4349
-78.6553;0.0747266;37.4667
-77.4464;0.0433203;37.5233
-76.2359;0.0133203;37.5295
-75.0248;-0.0151562;37.5605
-73.8126;-0.0417187;37.6159
-72.5995;-0.0660547;37.6459
-71.3853;-0.0878516;37.6507
-70.1701;-0.106797;37.6797
-68.9539;-0.122578;37.7328
-67.7368;-0.135039;37.7363
-66.5187;-0.143906;37.7887
-65.2996;-0.149023;37.7915
-64.0797;-0.150234;37.8188
-62.8534;-0.147383;37.8463
-61.6071;-0.140352;37.8997
-60.3545;-0.129023;37.9175
-59.0989;-0.113594;37.9579
-57.8405;-0.0941406;37.9621
-56.586;-0.0709766;38.0081
-55.3422;-0.0446875;38.0236
-54.1019;-0.0153516;38.081
-52.8511;0.0169531;38.0873
-51.5905;0.0519141;38.146
-50.3416;0.0884375;38.1531
-49.0735;0.126953;38.2028
-47.8363;0.165547;38.2443
-46.6032;0.204492;38.2765
-45.3691;0.243516;38.3083
-44.134;0.282383;38.3146
-42.897;0.320625;38.3459
-41.6598;0.35793;38.4021
-40.4215;0.394141;38.4328
-39.1823;0.428984;38.4382
-37.942;0.462344;38.4939
-36.7006;0.49418;38.4991
-35.4583;0.524375;38.5547
-34.2149;0.55293;38.5754
-32.9705;0.579922;38.6061
-31.7251;0.605352;38.6467
-30.4786;0.629336;38.6678
-29.2312;0.652031;38.6832
-27.9827;0.673555;38.7394
-26.7332;0.694023;38.7704
-25.4827;0.713672;38.7763
-24.2312;0.732617;38.8325
-22.9787;0.750977;38.8383
-21.7252;0.768984;38.8944
-20.4707;0.786719;38.9002
-19.2152;0.804336;38.931
-17.9588;0.821953;38.9869
-16.7013;0.839727;38.9925
-15.4428;0.857695;39.0483
-14.1834;0.875937;39.0789
-12.9229;0.894531;39.0844
-11.6615;0.913477;39.1149
-10.3991;0.932852;39.1454
-9.13576;0.952578;39.2009
-7.87141;0.972734;39.2063
-6.6061;0.993281;39.252
-5.33982;1.01422;39.2672
-4.07254;1.03555;39.3225
-2.80431;1.05723;39.3278
