1.03126;-3.90625e-05;2.85492
2.0428;-3.90625e-05;2.93553
3.06392;-3.90625e-05;3.38245
4.06555;7.8125e-05;3.88422
5.07146;7.8125e-05;4.45655
6.13813;0.000390625;5.03993
7.16142;0.000859375;5.55185
8.19095;0.000859375;6.1044
9.20605;0.000859375;6.56764
10.2664;0.00125;6.57523
11.3669;0.00167969;7.18102
12.4445;0.00203125;7.67041
13.4682;0.00234375;8.19602
14.5518;0.00289063;8.59719
15.6932;0.00351562;9.03671
16.7376;0.0040625;9.40962
17.8234;0.00464844;9.77251
18.9497;0.00515625;10.1786
20.1153;0.00574219;10.4716
21.1451;0.00625;10.7618
22.2027;0.00695312;11.0971
23.2876;0.00765625;11.3775
24.3996;0.00835937;11.654
25.5381;0.0090625;11.8788
26.703;0.00976562;12.1967
27.8938;0.0105078;12.4163
28.9058;0.0112891;12.6369
29.9355;0.0120703;12.8558
30.9828;0.0128516;13.1151
32.0463;0.0136328;13.2618
33.1227;0.0144141;13.4017
34.2025;0.0151953;13.3906
35.2811;0.0159766;13.3362
36.3494;0.0167578;13.1554
37.4049;0.0175391;13.0403
38.4511;0.0183203;12.925
39.4912;0.0191016;12.8767
40.5284;0.0199219;12.855
41.5655;0.0207031;12.863
42.6047;0.0216797;12.8995
43.6479;0.0226562;12.9739
44.6967;0.0236328;13.0528
45.7523;0.0246094;13.1237
46.8145;0.0255859;13.1797
47.8765;0.0265625;13.1645
48.9403;0.0275391;13.2615
50.0234;0.0285937;13.582
51.1275;0.0298047;13.7872
52.2521;0.0309766;14.0971
53.3971;0.0321484;14.295
54.5621;0.0334375;14.5428
55.7477;0.0348047;14.8386
56.9519;0.0361719;15.0782
58.1753;0.0375391;15.3143
59.4176;0.0389063;15.5471
60.4249;0.0400391;15.7311
61.4436;0.0412891;15.8148
62.4628;0.0425391;15.8024
63.4813;0.0437891;15.8394
64.5082;0.0450391;16.0431
65.5482;0.0462891;16.19
66.6009;0.0475391;16.3865
67.666;0.0487891;16.6295
68.7433;0.0500781;16.7658
69.8324;0.0514844;16.9981
70.9332;0.0529297;17.1282
72.0454;0.0543359;17.351
73.1695;0.0557422;17.5218
74.3037;0.0573047;17.6893
75.4494;0.0588672;17.8088
76.6049;0.0604297;17.9709
77.7707;0.0619922;18.1739
78.9442;0.0635547;18.2037
80.1174;0.0651563;18.1866
81.2904;0.066875;18.2557
82.4728;0.0685937;18.3873
83.6662;0.0703125;18.6027
84.8702;0.0720313;18.7195
86.0843;0.0737891;18.9164
87.3085;0.0756641;19.0631
88.5415;0.0775781;19.2039
89.7835;0.0794531;19.3015
91.0341;0.0813281;19.4334
92.2931;0.0832422;19.5966
93.5601;0.0852734;19.6846
94.8349;0.0873047;19.8391
96.1174;0.0893359;19.9225
97.4073;0.0913672;20.0377
98.7007;0.0933984;20.0479
99.993;0.0954297;20.0289
101.285;0.0974609;20.0265
102.578;0.0995703;20.071
103.873;0.101758;20.12
105.173;0.103945;20.1807
106.476;0.106133;20.2281
107.784;0.10832;20.3042
109.098;0.110586;20.4129
110.417;0.11293;20.4752
111.741;0.115273;20.5683
113.072;0.117617;20.6653
114.075;0.119414;20.7403
115.081;0.121172;20.8171
116.091;0.123047;20.9263
117.104;0.124922;21.0064
118.122;0.126797;21.0557
119.143;0.128672;21.1375
120.169;0.130547;21.2529
121.199;0.132422;21.3369
122.232;0.134297;21.4216
123.27;0.13625;21.4941
124.31;0.138242;21.4919
125.349;0.140234;21.4774
126.387;0.142227;21.461
127.427;0.144219;21.5625
128.472;0.146211;21.6699
129.522;0.148203;21.7352
130.578;0.150195;21.8764
131.638;0.152305;21.9754
132.702;0.154414;22.035
133.772;0.156523;22.1298
134.846;0.158633;22.2224
135.924;0.160742;22.313
137.006;0.162969;22.4017
138.093;0.165195;22.4888
139.184;0.167422;22.5743
140.279;0.169648;22.6584
141.378;0.171914;22.7687
142.481;0.174219;22.8552
143.588;0.176563;22.9356
144.699;0.178906;23.015
145.814;0.18125;23.0937
146.932;0.183594;23.1404
148.054;0.185937;23.2179
149.18;0.18832;23.2947
150.31;0.190781;23.4015
151.443;0.193242;23.4466
152.58;0.195703;23.5521
153.721;0.198164;23.6268
154.865;0.200625;23.671
156.013;0.203125;23.7751
157.164;0.205703;23.8188
158.319;0.208281;23.922
159.477;0.210859;23.9951
160.639;0.213437;24.0679
161.805;0.216016;24.1108
162.974;0.218711;24.1832
164.146;0.221406;24.285
165.322;0.224102;24.3274
166.502;0.226797;24.4287
167.685;0.229492;24.4709
168.871;0.232344;24.5423
170.061;0.235156;24.6137
171.254;0.237969;24.7141
172.451;0.240781;24.7851
173.651;0.243594;24.856
174.855;0.246523;24.9268
176.062;0.249453;24.9974
177.273;0.252383;25.0386
178.487;0.255313;25.109
179.704;0.258242;25.1793
180.925;0.261172;25.2494
182.149;0.264219;25.3428
183.376;0.267266;25.4185
184.607;0.270312;25.4883
185.841;0.273359;25.558
187.079;0.276406;25.6276
188.32;0.279492;25.668
189.564;0.282656;25.7374
190.812;0.28582;25.8358
192.063;0.288984;25.876
193.317;0.292148;25.9741
194.575;0.29543;26.0141
195.836;0.29875;26.112
197.1;0.302031;26.1808
198.367;0.305312;26.2495
199.638;0.308594;26.2892
200.913;0.311992;26.3577
202.19;0.315391;26.4262
203.471;0.318789;26.4945
204.756;0.322187;26.5628
206.043;0.325586;26.6598
207.334;0.329102;26.7278
208.628;0.332617;26.7958
209.925;0.336133;26.8637
211.226;0.339648;26.9315
212.53;0.343164;26.9992
213.837;0.346797;27.038
215.148;0.35043;27.1055
216.461;0.354062;27.2017
217.778;0.357695;27.2403
219.099;0.361445;27.3363
220.422;0.365195;27.3747
221.749;0.368945;27.4418
223.079;0.372695;27.5374
224.412;0.376445;27.5756
225.749;0.380352;27.6711
227.088;0.384219;27.7378
228.431;0.388086;27.7758
229.778;0.391953;27.8423
231.127;0.395859;27.9088
232.479;0.399844;28.0037
233.835;0.403828;28.0414
235.194;0.407812;28.1076
236.556;0.411797;28.1737
237.922;0.415898;28.2397
239.29;0.42;28.3341
240.662;0.424102;28.3714
242.037;0.428203;28.4371
243.415;0.432344;28.5028
244.797;0.436562;28.5684
246.181;0.440781;28.6623
247.569;0.445;28.7277
248.959;0.449219;28.7645
250.353;0.453555;28.8582
251.751;0.457891;28.8948
253.151;0.462227;28.9599
254.554;0.466562;29.0248
255.961;0.471055;29.0897
257.37;0.475508;29.1545
258.783;0.479961;29.2191
260.199;0.484414;29.2837
261.618;0.488984;29.3766
263.04;0.493555;29.4341
264.466;0.498125;29.477
265.894;0.502695;29.5412
267.326;0.507305;29.6054
268.76;0.511992;29.6695
270.198;0.51668;29.7618
271.639;0.521367;29.8257
273.083;0.526055;29.8895
274.53;0.530859;29.9249
275.98;0.535664;30.0168
277.433;0.540469;30.0521
278.889;0.545273;30.1438
280.348;0.550195;30.179
281.811;0.555117;30.2705
283.276;0.560039;30.3337
284.744;0.564961;30.3968
286.216;0.57;30.4316
287.69;0.575039;30.5228
289.168;0.580078;30.5575
290.649;0.585117;30.6202
292.132;0.590156;30.7111
293.619;0.595234;30.7737
295.109;0.600391;30.8278
296.6;0.605547;30.825
298.091;0.610703;30.8073
299.581;0.615859;30.7842
301.07;0.621055;30.8317
302.563;0.626211;30.8891
304.058;0.631484;30.9467
305.556;0.636758;31.0041
306.557;0.640273;31.016
307.558;0.643789;31.0541
308.561;0.647305;31.0922
309.565;0.65082;31.1302
310.57;0.654336;31.1945
311.576;0.657852;31.2324
312.584;0.661445;31.2439
313.593;0.665039;31.308
314.603;0.668633;31.3457
315.614;0.672227;31.3571
316.627;0.67582;31.3948
317.64;0.679414;31.4585
318.655;0.683008;31.4699
319.671;0.686602;31.5073
320.688;0.690273;31.571
321.707;0.693945;31.5822
322.727;0.697617;31.6457
323.748;0.701289;31.6568
324.77;0.704961;31.6941
325.793;0.70875;31.7575
326.818;0.7125;31.7685
327.843;0.71625;31.8056
328.87;0.72;31.8688
329.898;0.723828;31.8798
330.928;0.727656;31.9429
331.958;0.731484;31.9799
332.99;0.735312;32.0168
334.023;0.739219;32.0277
335.057;0.743125;32.0645
336.092;0.747031;32.1274
337.128;0.750937;32.1642
338.166;0.754844;32.1749
339.205;0.758828;32.2116
340.245;0.762812;32.2743
341.286;0.766797;32.311
342.328;0.770781;32.3216
343.372;0.774766;32.3582
344.417;0.778789;32.3947
345.462;0.782852;32.4313
346.509;0.786914;32.4937
347.558;0.790977;32.5042
348.607;0.795039;32.5666
349.658;0.799102;32.577
350.709;0.803164;32.6133
351.762;0.807305;32.6756
352.817;0.811445;32.6859
353.872;0.815586;32.7222
354.928;0.819727;32.7584
355.986;0.823867;32.8205
357.045;0.828008;32.8566
358.105;0.832266;32.8669
359.166;0.836484;32.9029
360.228;0.840703;32.939
361.291;0.844922;33.0009
362.356;0.849141;33.0369
363.422;0.853359;33.0728
364.489;0.857656;33.1087
365.557;0.861953;33.1188
366.626;0.86625;33.1805
367.696;0.870547;33.2163
368.768;0.874844;33.2262
369.841;0.879141;33.262
370.915;0.883516;33.2977
371.99;0.887891;33.3334
373.066;0.892266;33.3949
374.143;0.896641;33.4225
375.222;0.901016;33.4661
376.301;0.905391;33.5017
377.382;0.909844;33.5372
378.464;0.914297;33.5469
379.547;0.91875;33.5824
380.631;0.923203;33.6436
381.716;0.927656;33.6533
382.803;0.932148;33.6886
383.89;0.93668;33.7498
384.979;0.941211;33.7593
386.069;0.945742;33.7946
387.16;0.950273;33.8298
388.252;0.954805;33.8908
389.345;0.959453;33.926
390.44;0.964062;33.9354
391.535;0.968672;33.9963
392.632;0.973281;34.0056
393.73;0.977891;34.0664
394.829;0.982578;34.1014
395.929;0.987266;34.1107
397.03;0.991953;34.1457
398.132;0.996719;34.2063
399.236;1.00176;34.2413
400.34;1.00727;34.2758
401.446;1.01363;34.3102
402.552;1.02141;34.344
403.66;1.03121;34.3765
404.768;1.04375;34.4084
405.878;1.05969;34.4383
406.988;1.08;34.4652
408.099;1.10559;34.4885
409.211;1.13762;34.4865
410.323;1.17723;34.5172
411.435;1.22535;34.5176
412.547;1.28316;34.5051
413.658;1.3516;34.4705
414.767;1.43141;34.4332
415.874;1.52352;34.3728
416.979;1.62816;34.2929
418.08;1.74605;34.1958
419.177;1.87809;34.0978
420.269;2.0243;33.979
421.357;2.1852;33.8528
422.439;2.36152;33.6988
423.515;2.55305;33.5413
424.584;2.75992;33.39
425.645;2.9827;33.2033
426.699;3.22145;33.0249
427.746;3.47566;32.8457
428.783;3.74617;32.6637
429.812;4.03309;32.4808
430.832;4.33617;32.2865
431.842;4.6557;32.0994
432.842;4.99145;31.9116
433.831;5.3434;31.7244
434.81;5.71129;31.5363
435.777;6.09547;31.355
436.733;6.49523;31.175
437.677;6.9107;30.9926
438.609;7.34184;30.8151
439.528;7.78832;30.6483
440.434;8.25023;30.4741
441.326;8.72719;30.3143
442.205;9.21895;30.1725
443.07;9.72547;30.0169
444.341;10.5121;29.8225
445.579;11.3304;29.6206
446.783;12.1799;29.445
447.952;13.0595;29.2832
449.086;13.967;29.1066
450.184;14.9005;28.9257
451.246;15.8587;28.7906
452.273;16.8413;28.6864
453.267;17.8506;28.6405
454.227;18.8846;28.5785
455.153;19.9415;28.5754
456.05;21.0199;28.6371
456.92;22.1183;28.7036
457.767;23.2341;28.7971
458.596;24.3669;28.911
459.415;25.5118;28.9934
460.229;26.662;29.1266
461.047;27.8127;29.1724
461.877;28.9581;29.2432
462.723;30.0939;29.2599
463.587;31.2175;29.2333
464.472;32.3279;29.2209
465.376;33.4217;29.2147
466.299;34.4992;29.2192
467.241;35.5611;29.2661
468.202;36.6077;29.271
469.18;37.6407;29.3225
470.174;38.6624;29.423
471.179;39.6764;29.4723
472.191;40.6864;29.5756
473.204;41.7004;29.6402
474.212;42.7241;29.6636
475.207;43.7609;29.6838
476.185;44.8146;29.6777
477.143;45.8866;29.6638
478.078;46.9798;29.5912
478.987;48.0926;29.5347
479.867;49.2234;29.4559
480.719;50.3722;29.3728
481.542;51.5383;29.2893
482.336;52.7215;29.1883
483.097;53.925;29.1175
483.824;55.1443;29.0135
484.516;56.3776;28.9689
485.176;57.6235;28.9131
485.804;58.8828;28.8458
486.399;60.1575;28.7921
486.96;61.4447;28.7403
487.484;62.7414;28.7046
487.977;64.0469;28.6745
488.437;65.3626;28.6653
488.866;66.6875;28.6388
489.262;68.0215;28.5848
489.624;69.363;28.5681
489.954;70.7102;28.5699
490.252;72.064;28.5544
490.52;73.4236;28.519
490.756;74.7883;28.5083
490.961;76.157;28.5266
491.135;77.5295;28.5019
491.28;78.906;28.5102
491.397;80.2853;28.5262
491.486;81.6673;28.5517
491.551;83.0519;28.5879
491.592;84.439;28.667
491.612;85.8286;28.7227
491.614;87.2204;28.7555
491.601;88.6153;28.8561
491.577;90.0128;28.9274
491.545;91.4133;28.9675
491.509;92.8167;29.0368
491.473;94.2234;29.1334
491.438;95.6333;29.1655
491.409;97.0458;29.2546
491.385;98.4616;29.2829
491.369;99.8802;29.3389
491.36;101.302;29.4225
491.359;102.726;29.4497
491.367;104.152;29.533
491.382;105.581;29.5898
491.404;107.013;29.6467
491.433;108.448;29.7043
491.467;109.885;29.7625
491.507;111.325;29.8201
491.551;112.767;29.8519
491.599;114.212;29.9112
491.65;115.66;29.9961
491.707;117.111;30.0535
491.767;118.564;30.111
491.833;120.019;30.1674
491.905;121.477;30.1967
491.984;122.938;30.2515
492.071;124.4;30.3041
492.169;125.864;30.3787
492.278;127.33;30.3989
492.402;128.797;30.4403
492.542;130.265;30.4756
492.702;131.734;30.5001
492.883;133.201;30.5387
493.087;134.665;30.5462
493.315;136.126;30.5233
493.569;137.583;30.5141
493.85;139.035;30.4989
494.158;140.482;30.4781
494.499;141.923;30.4446
494.87;143.354;30.4338
495.27;144.775;30.3823
495.7;146.186;30.3761
496.158;147.587;30.3524
496.645;148.977;30.3102
497.163;150.358;30.2972
497.71;151.728;30.3175
498.283;153.083;30.331
498.881;154.428;30.3298
499.501;155.764;30.3976
500.142;157.092;30.4181
500.8;158.413;30.477
501.474;159.731;30.5725
502.158;161.047;30.6375
502.847;162.361;30.7003
503.537;163.678;30.7566
504.223;164.999;30.7788
504.902;166.325;30.8466
505.573;167.66;30.8839
506.234;169.003;30.8909
506.883;170.352;30.9514
507.521;171.708;30.9892
508.149;173.07;31.0044
508.563;173.981;31.0348
508.975;174.895;31.0679
509.385;175.81;31.1295
509.796;176.727;31.1367
510.207;177.645;31.1695
510.622;178.563;31.199
511.039;179.48;31.25
511.461;180.394;31.2716
511.889;181.307;31.2638
512.322;182.218;31.277
512.762;183.126;31.3111
513.209;184.032;31.3168
513.665;184.933;31.2955
514.129;185.831;31.3203
514.602;186.724;31.3173
515.085;187.613;31.3138
515.576;188.496;31.2868
516.076;189.374;31.2847
516.585;190.247;31.3072
517.103;191.114;31.2815
517.631;191.976;31.304
518.168;192.832;31.3026
518.714;193.682;31.301
519.269;194.526;31.2758
519.834;195.364;31.3008
520.408;196.196;31.2772
520.991;197.021;31.2785
521.583;197.84;31.305
522.183;198.652;31.283
522.793;199.458;31.2861
523.411;200.257;31.3139
524.037;201.05;31.2931
524.672;201.836;31.3253
525.315;202.616;31.307
525.966;203.39;31.3401
526.625;204.157;31.3484
527.292;204.917;31.3317
527.967;205.671;31.3668
528.649;206.418;31.3517
529.339;207.16;31.392
530.036;207.895;31.4065
530.739;208.624;31.3959
531.449;209.347;31.4403
532.166;210.065;31.458
532.889;210.776;31.4771
533.619;211.482;31.4702
534.355;212.183;31.5181
535.096;212.878;31.5134
535.843;213.568;31.5378
536.596;214.254;31.5634
537.354;214.935;31.6166
538.116;215.612;31.6162
538.883;216.284;31.6446
539.655;216.953;31.7009
540.431;217.618;31.7029
541.211;218.28;31.7621
541.996;218.939;31.7929
542.783;219.595;31.8247
543.574;220.248;31.8573
544.369;220.899;31.8791
545.166;221.548;31.8947
545.966;222.195;31.9567
546.769;222.841;31.9912
547.574;223.486;32.0252
548.381;224.13;32.0602
549.19;224.773;32.0956
550;225.417;32.1205
550.812;226.06;32.1382
551.625;226.704;32.1738
552.439;227.348;32.2359
553.255;227.992;32.2439
554.072;228.636;32.3064
554.891;229.279;32.3148
555.711;229.923;32.3489
556.534;230.565;32.3833
557.359;231.206;32.4165
558.187;231.845;32.4701
559.019;232.48;32.4743
559.855;233.111;32.4986
560.696;233.737;32.5377
561.542;234.357;32.5304
562.394;234.969;32.5579
563.252;235.575;32.5394
564.115;236.172;32.5526
564.985;236.759;32.54
565.862;237.337;32.5009
566.745;237.904;32.4724
567.634;238.46;32.4389
568.531;239.003;32.3981
569.434;239.535;32.365
570.344;240.054;32.3141
571.259;240.558;32.2611
572.182;241.05;32.1992
573.109;241.529;32.1384
574.042;241.992;32.0794
574.982;242.441;32.0152
575.926;242.877;31.9341
576.876;243.296;31.8748
577.831;243.701;31.8129
578.79;244.09;31.7527
579.754;244.464;31.7208
580.722;244.822;31.67
581.694;245.165;31.6268
582.67;245.492;31.5921
583.651;245.802;31.5601
584.635;246.098;31.5094
585.622;246.378;31.4934
586.612;246.643;31.4837
587.607;246.892;31.4809
588.603;247.127;31.4855
589.603;247.347;31.5023
590.605;247.554;31.5251
591.61;247.746;31.584
592.618;247.926;31.5935
593.629;248.093;31.668
594.642;248.249;31.6873
595.658;248.394;31.7729
596.676;248.529;31.834
597.697;248.655;31.8637
598.72;248.774;31.9592
599.746;248.887;31.992
600.773;248.994;32.0838
601.803;249.098;32.1162
602.834;249.2;32.1786
603.869;249.3;32.2392
604.904;249.4;32.2982
605.942;249.5;32.356
606.981;249.601;32.4417
608.022;249.703;32.4963
609.065;249.808;32.5504
610.109;249.915;32.5749
611.155;250.025;32.6266
612.201;250.137;32.7078
613.249;250.252;32.7323
614.299;250.369;32.8125
615.35;250.489;32.8654
616.403;250.61;32.8907
617.457;250.733;32.944
618.513;250.858;32.9974
619.57;250.983;33.0782
620.629;251.108;33.1045
621.69;251.233;33.1553
622.751;251.357;33.2078
623.816;251.48;33.259
624.882;251.601;33.3349
625.95;251.719;33.3576
627.02;251.835;33.4058
628.091;251.947;33.4528
629.165;252.056;33.5251
630.241;252.161;33.5452
631.319;252.261;33.5883
632.398;252.359;33.6345
633.478;252.451;33.6817
634.561;252.54;33.7542
635.646;252.626;33.8009
636.733;252.707;33.8485
637.821;252.784;33.8706
638.911;252.858;33.9195
640.003;252.928;33.9691
641.097;252.995;34.0454
642.193;253.061;34.096
643.29;253.124;34.121
644.389;253.185;34.1721
645.49;253.245;34.2232
646.592;253.305;34.2999
647.696;253.364;34.3248
648.801;253.423;34.401
649.908;253.482;34.4514
651.016;253.543;34.4759
652.127;253.604;34.5512
653.239;253.666;34.6007
654.352;253.73;34.6247
655.467;253.796;34.6994
656.583;253.862;34.7482
657.701;253.931;34.7721
658.82;254;34.8468
659.94;254.071;34.8965
661.062;254.143;34.9209
662.186;254.217;34.9708
663.312;254.293;35.0204
664.439;254.369;35.0953
665.567;254.447;35.145
666.697;254.525;35.1692
667.828;254.604;35.2187
668.961;254.684;35.2683
670.095;254.765;35.3182
671.23;254.846;35.3681
672.368;254.929;35.4175
673.508;255.014;35.4664
674.648;255.1;35.5145
675.79;255.189;35.585
676.933;255.282;35.6293
678.077;255.378;35.6727
679.221;255.478;35.711
680.366;255.584;35.7509
681.512;255.697;35.7639
682.659;255.818;35.8105
683.807;255.948;35.8313
684.953;256.088;35.8272
686.099;256.239;35.8341
687.243;256.401;35.8331
688.386;256.574;35.842
689.526;256.759;35.8275
690.665;256.956;35.7893
691.801;257.166;35.7573
692.935;257.392;35.7141
694.065;257.633;35.6624
695.191;257.89;35.6062
696.312;258.163;35.5602
697.427;258.449;35.4967
698.537;258.75;35.4213
699.642;259.065;35.3565
700.742;259.394;35.2822
701.836;259.74;35.2028
702.923;260.104;35.1188
704.002;260.484;35.0501
705.073;260.881;34.9712
706.135;261.292;34.8853
707.189;261.717;34.8276
708.236;262.157;34.7907
709.275;262.612;34.7133
710.306;263.083;34.6572
711.328;263.569;34.6092
712.341;264.072;34.5879
713.345;264.587;34.5359
714.338;265.117;34.5511
715.323;265.661;34.5523
716.301;266.219;34.5529
717.27;266.791;34.5363
718.229;267.377;34.5692
719.18;267.976;34.5847
720.123;268.585;34.655
721.059;269.205;34.7205
721.991;269.837;34.7873
722.918;270.478;34.8591
723.838;271.129;34.9067
724.755;271.789;35.0195
725.667;272.455;35.0926
726.577;273.124;35.1721
727.485;273.798;35.2195
728.395;274.476;35.3246
729.307;275.158;35.3943
730.222;275.842;35.4591
731.138;276.526;35.5169
732.054;277.208;35.5469
732.971;277.889;35.6356
733.892;278.57;35.6961
734.816;279.252;35.7295
735.742;279.935;35.7931
736.671;280.619;35.8574
737.603;281.306;35.9202
738.536;281.992;36.0025
739.466;282.679;36.0635
740.397;283.369;36.122
741.328;284.065;36.1769
742.258;284.767;36.227
743.185;285.476;36.2718
744.108;286.192;36.3131
745.03;286.915;36.3259
745.946;287.643;36.3794
746.858;288.376;36.4108
747.767;289.116;36.436
748.67;289.865;36.4577
749.568;290.623;36.4764
750.458;291.39;36.4902
751.344;292.167;36.4969
752.225;292.954;36.487
753.095;293.749;36.4973
753.954;294.554;36.5121
754.806;295.369;36.5416
755.647;296.194;36.5466
756.479;297.031;36.5296
757.301;297.879;36.5246
758.113;298.745;36.5042
758.914;299.62;36.4927
759.698;300.5;36.4581
760.472;301.388;36.4399
761.236;302.284;36.4137
761.988;303.188;36.391
762.728;304.104;36.3409
763.453;305.033;36.2589
764.162;305.978;36.1632
764.852;306.933;36.0592
765.52;307.894;35.9769
766.172;308.864;35.8772
766.809;309.841;35.7695
767.431;310.824;35.6561
768.037;311.814;35.5388
768.626;312.811;35.4103
769.199;313.817;35.2787
769.75;314.836;35.1024
770.279;315.861;34.9137
770.782;316.89;34.7427
771.265;317.924;34.5878
771.729;318.962;34.4425
772.175;320.005;34.2831
772.601;321.051;34.1111
773.008;322.101;33.9548
773.392;323.156;33.7933
773.751;324.217;33.5877
774.089;325.28;33.3982
774.4;326.341;33.2496
774.691;327.404;33.1125
774.961;328.467;32.9794
775.212;329.531;32.8645
775.443;330.595;32.742
775.653;331.659;32.6229
775.844;332.723;32.5093
776.014;333.785;32.4031
776.161;334.849;32.2747
776.287;335.911;32.1772
776.392;336.97;32.0806
776.476;338.026;31.9798
776.54;339.079;31.8971
776.585;340.13;31.8188
776.61;341.179;31.7448
776.616;342.224;31.6753
776.602;343.266;31.6248
776.569;344.304;31.5153
776.516;345.338;31.4865
776.445;346.368;31.4455
776.354;347.394;31.3877
776.244;348.415;31.3329
776.116;349.432;31.2854
775.969;350.443;31.2231
775.806;351.449;31.195
775.625;352.451;31.1382
775.427;353.446;31.1032
775.213;354.437;31.0699
774.982;355.423;31.0522
774.731;356.403;30.9899
774.466;357.377;30.9734
774.183;358.343;30.9256
773.885;359.303;30.8976
773.57;360.257;30.8687
773.239;361.205;30.8414
772.892;362.145;30.8376
772.53;363.079;30.8136
772.152;364.005;30.7684
771.555;365.381;30.7607
770.925;366.74;30.7112
770.259;368.081;30.6944
769.56;369.404;30.6786
768.831;370.706;30.6346
768.075;371.988;30.5572
767.295;373.246;30.3888
766.492;374.48;30.2127
765.669;375.685;29.9181
764.824;376.859;29.5752
763.961;377.995;29.1164
763.082;379.096;28.832
762.185;380.163;28.4441
761.273;381.192;28.0328
760.345;382.184;27.6603
759.399;383.139;27.3239
758.434;384.057;26.9938
757.449;384.934;26.6252
756.447;385.77;26.3384
755.427;386.563;26.1113
754.39;387.316;25.8793
753.339;388.03;25.6332
752.255;388.716;25.3212
750.993;389.451;25.0503
749.691;390.142;24.7522
748.36;390.779;24.4327
746.997;391.358;24.268
745.586;391.883;24.0781
744.162;392.342;23.9123
743.199;392.615;23.8256
742.216;392.862;23.7371
741.23;393.08;23.6595
740.235;393.27;23.5991
739.239;393.431;23.5696
738.24;393.563;23.5169
737.232;393.666;23.4967
736.224;393.743;23.4981
735.214;393.795;23.5628
734.199;393.825;23.5781
733.192;393.838;23.6833
732.182;393.838;23.7655
730.684;393.825;23.8461
729.669;393.815;23.953
728.647;393.811;23.9833
727.628;393.816;24.0363
726.62;393.834;24.0792
725.126;393.887;24.1309
723.643;393.972;24.2156
722.184;394.087;24.2381
720.711;394.232;24.3391
719.256;394.402;24.4108
717.819;394.592;24.4985
716.38;394.802;24.5591
714.935;395.03;24.6862
713.491;395.271;24.7887
712.044;395.522;24.8493
710.583;395.779;24.9817
709.139;396.035;25.0752
707.699;396.291;25.1348
706.234;396.55;25.2311
705.243;396.725;25.2931
704.238;396.902;25.392
703.242;397.077;25.4173
702.247;397.25;25.4784
701.245;397.424;25.5395
700.25;397.595;25.6297
699.25;397.765;25.6953
698.26;397.933;25.7564
697.273;398.099;25.8167
696.285;398.264;25.8761
695.295;398.431;25.9286
694.307;398.598;25.9926
693.3;398.77;26.0414
692.312;398.942;26.1031
691.316;399.119;26.155
690.326;399.3;26.1738
689.343;399.484;26.2537
687.891;399.769;26.3248
686.432;400.074;26.3884
684.989;400.4;26.4114
683.581;400.747;26.4517
682.613;401.003;26.4759
681.24;401.39;26.5048
679.932;401.785;26.5242
678.656;402.197;26.5452
677.419;402.624;26.5646
676.202;403.075;26.5694
674.999;403.554;26.596
673.814;404.06;26.6035
672.641;404.592;26.585
671.479;405.15;26.612
670.33;405.733;26.5935
669.193;406.34;26.5975
668.069;406.977;26.5991
666.957;407.644;26.6062
665.869;408.339;26.5864
664.803;409.061;26.5444
663.756;409.809;26.5498
662.729;410.583;26.5011
661.724;411.383;26.4671
660.741;412.209;26.4301
659.785;413.068;26.3646
658.855;413.954;26.3061
657.96;414.864;26.2364
657.096;415.798;26.1455
656.258;416.754;26.0657
655.456;417.732;26.0103
654.682;418.731;25.9203
653.941;419.75;25.8164
653.235;420.789;25.732
652.566;421.85;25.6328
651.934;422.93;25.533
651.343;424.024;25.4667
650.79;425.134;25.3675
650.273;426.256;25.2923
649.79;427.402;25.2227
649.349;428.548;25.1558
648.946;429.706;25.0966
648.581;430.872;25.0449
648.254;432.046;24.966
647.966;433.225;24.8519
647.717;434.406;24.7252
647.507;435.589;24.6699
647.334;436.776;24.6366
647.199;437.966;24.6068
647.101;439.158;24.5819
647.04;440.351;24.5745
647.015;441.545;24.5495
647.024;442.739;24.5865
647.067;443.933;24.6176
647.141;445.126;24.6304
647.244;446.319;24.7195
647.375;447.511;24.7953
647.529;448.705;24.8491
647.703;449.899;24.9811
647.892;451.095;25.0829
648.092;452.294;25.1519
648.296;453.497;25.2826
648.502;454.704;25.3748
648.704;455.917;25.4598
648.899;457.134;25.5397
649.086;458.356;25.6157
649.264;459.583;25.689
649.431;460.816;25.7334
649.587;462.054;25.8343
649.733;463.297;25.8794
649.869;464.544;25.9539
649.996;465.796;26.0296
650.116;467.051;26.1064
650.229;468.311;26.2126
650.336;469.575;26.2638
650.438;470.844;26.3712
650.536;472.117;26.4495
650.63;473.395;26.5273
650.721;474.676;26.5772
650.809;475.961;26.6809
650.896;477.249;26.7303
650.98;478.54;26.8071
651.062;479.836;26.9112
651.142;481.136;26.9882
651.219;482.442;27.0645
651.294;483.75;27.14
651.368;485.062;27.1886
651.44;486.377;27.2899
651.512;487.695;27.3384
651.584;489.016;27.4417
651.655;490.342;27.492
651.725;491.673;27.5951
651.796;493.008;27.6705
651.867;494.347;27.7456
651.938;495.688;27.8195
652.011;497.031;27.894
652.085;498.378;27.9433
652.157;499.728;28.0448
652.228;501.084;28.0945
652.294;502.445;28.1922
652.353;503.81;28.2589
652.403;505.177;28.3001
652.444;506.547;28.3603
652.474;507.918;28.4164
652.49;509.293;28.4681
652.489;510.671;28.5405
652.469;512.052;28.5853
652.429;513.438;28.6238
652.366;514.825;28.637
652.284;516.21;28.6988
652.183;517.595;28.7383
652.064;518.98;28.785
651.926;520.366;28.8307
651.765;521.752;28.8736
651.58;523.14;28.8999
651.37;524.528;28.9438
651.136;525.911;28.9536
650.881;527.289;28.9984
650.603;528.663;29.0006
650.302;530.034;29.0392
649.973;531.401;29.0242
649.615;532.761;29.0174
649.223;534.117;29.0004
648.801;535.461;28.9862
648.349;536.791;28.9369
647.87;538.109;28.9119
647.363;539.416;28.8766
646.826;540.71;28.8415
646.255;541.989;28.7634
645.65;543.25;28.6936
645.008;544.493;28.6068
644.335;545.712;28.5421
643.633;546.909;28.4738
642.901;548.084;28.3991
642.14;549.238;28.3195
641.348;550.367;28.241
640.528;551.472;28.1435
639.674;552.549;28.0696
638.792;553.597;27.9754
637.883;554.612;27.8759
636.948;555.599;27.7993
635.988;556.555;27.7217
635.006;557.483;27.6752
633.999;558.38;27.5955
632.969;559.247;27.5282
631.917;560.084;27.4613
630.843;560.887;27.3929
629.75;561.655;27.3595
628.639;562.388;27.3197
627.512;563.092;27.255
626.367;563.765;27.2248
625.206;564.407;27.2451
624.026;565.018;27.2489
622.831;565.599;27.2647
621.624;566.149;27.3069
620.406;566.675;27.3648
619.178;567.18;27.401
617.941;567.67;27.5066
616.697;568.149;27.5949
615.444;568.622;27.6661
614.185;569.094;27.744
612.928;569.568;27.7769
611.67;570.047;27.8346
610.413;570.532;27.9172
609.156;571.026;27.9394
607.899;571.529;28.0211
606.641;572.042;28.0435
605.384;572.562;28.1248
604.129;573.088;28.1492
602.872;573.615;28.231
601.612;574.142;28.2541
600.349;574.665;28.3284
599.079;575.18;28.3429
597.801;575.687;28.4035
596.518;576.18;28.4283
595.229;576.658;28.4223
593.933;577.119;28.4384
592.63;577.562;28.4511
591.32;577.987;28.4639
590.002;578.393;28.5034
588.676;578.78;28.4916
587.346;579.148;28.5431
586.01;579.499;28.5726
584.669;579.835;28.5799
583.323;580.156;28.6497
581.972;580.467;28.6666
580.616;580.769;28.7433
579.257;581.067;28.7626
577.896;581.361;28.8373
576.533;581.657;28.8542
575.169;581.955;28.8962
573.805;582.259;28.9365
572.439;582.568;28.9757
571.072;582.886;29.0397
569.705;583.211;29.0505
568.339;583.543;29.1154
566.973;583.882;29.154
565.607;584.228;29.1939
564.241;584.578;29.2078
562.872;584.934;29.2489
561.502;585.295;29.2891
560.132;585.658;29.3294
558.761;586.023;29.3963
557.389;586.39;29.4364
556.014;586.757;29.4493
554.637;587.124;29.5158
553.257;587.491;29.555
551.876;587.854;29.5668
550.492;588.216;29.6173
549.105;588.573;29.6685
547.715;588.926;29.7048
546.321;589.274;29.7133
544.924;589.615;29.7476
543.525;589.95;29.782
542.122;590.279;29.8171
540.716;590.601;29.8791
539.307;590.917;29.8871
537.894;591.227;29.9229
536.479;591.532;29.9868
535.06;591.831;29.9957
533.639;592.124;30.0324
532.216;592.414;30.0689
530.789;592.699;30.1058
529.36;592.98;30.1424
527.928;593.257;30.2062
526.494;593.531;30.2154
525.057;593.8;30.2788
523.618;594.065;30.3148
522.176;594.327;30.3507
520.732;594.584;30.3854
519.285;594.835;30.4182
517.835;595.079;30.4499
516.383;595.314;30.4798
514.928;595.541;30.4813
513.469;595.756;30.506
512.007;595.959;30.5529
510.542;596.148;30.5466
509.075;596.322;30.5643
507.605;596.481;30.6038
506.134;596.624;30.5949
504.658;596.75;30.6369
503.181;596.861;30.6564
501.701;596.956;30.6789
500.22;597.036;30.7055
498.737;597.102;30.7084
497.252;597.157;30.7402
495.766;597.2;30.776
494.276;597.233;30.8097
492.786;597.256;30.8704
491.294;597.27;30.904
489.8;597.274;30.91
488.305;597.27;30.9412
486.81;597.256;30.9962
485.312;597.232;31.0253
483.812;597.197;31.0536
482.812;597.168;31.0717
481.812;597.133;31.0892
480.811;597.092;31.0805
479.809;597.046;31.1242
478.808;596.995;31.1156
477.807;596.939;31.1411
476.805;596.878;31.1783
475.803;596.812;31.1724
474.799;596.742;31.1928
473.796;596.667;31.2421
472.793;596.588;31.2652
471.788;596.505;31.2617
470.784;596.419;31.2856
469.779;596.329;31.3096
468.773;596.236;31.3339
467.769;596.142;31.3812
466.763;596.045;31.4065
465.755;595.946;31.4309
464.748;595.845;31.4554
463.739;595.742;31.4529
462.731;595.638;31.4773
461.721;595.532;31.5012
460.711;595.424;31.5508
459.701;595.313;31.5737
458.69;595.201;31.5699
457.68;595.086;31.5862
456.669;594.968;31.6371
455.657;594.847;31.659
454.644;594.723;31.6538
453.631;594.596;31.6851
452.618;594.465;31.6956
451.605;594.329;31.7158
450.592;594.19;31.7352
449.578;594.046;31.7541
448.565;593.898;31.7732
447.553;593.746;31.8151
446.541;593.59;31.8352
445.527;593.429;31.8544
444.514;593.263;31.8484
443.501;593.093;31.8943
442.489;592.919;31.8884
441.476;592.739;31.9083
440.464;592.555;31.9274
439.452;592.366;31.9464
438.44;592.172;31.9656
437.429;591.973;31.9843
436.418;591.769;32.0023
435.408;591.559;32.0448
434.398;591.344;32.0626
433.389;591.123;32.0547
432.38;590.897;32.0712
431.373;590.664;32.0865
430.366;590.426;32.1231
429.361;590.18;32.1342
428.357;589.927;32.1203
427.354;589.665;32.1477
426.354;589.396;32.1495
425.356;589.117;32.1271
424.361;588.83;32.1407
423.37;588.532;32.1104
422.381;588.223;32.0934
421.396;587.904;32.0877
420.416;587.573;32.0574
419.441;587.23;31.9822
418.47;586.875;31.9378
417.506;586.507;31.9297
416.548;586.127;31.8726
415.597;585.734;31.805
414.652;585.328;31.7248
413.716;584.909;31.6284
412.788;584.476;31.5252
411.87;584.027;31.398
410.962;583.565;31.2625
410.068;583.088;31.1145
409.186;582.599;30.9621
408.316;582.097;30.7928
407.457;581.582;30.6349
406.585;581.039;30.4548
405.667;580.441;30.259
404.759;579.824;30.0625
403.86;579.185;29.8524
402.975;578.522;29.6367
402.101;577.835;29.4116
401.239;577.122;29.2058
400.392;576.386;29.0114
399.548;575.616;28.8037
398.713;574.818;28.6081
397.873;573.976;28.4113
397.057;573.115;28.2389
396.271;572.241;27.9593
395.513;571.347;27.8752
394.778;570.432;27.7224
394.074;569.5;27.6322
393.398;568.555;27.4753
392.744;567.59;27.468
392.119;566.616;27.3687
391.531;565.647;27.3549
390.978;564.683;27.3707
390.438;563.687;27.3723
389.938;562.71;27.3787
389.461;561.733;27.3598
389.007;560.753;27.429
388.573;559.769;27.4309
388.149;558.771;27.4762
387.739;557.773;27.5235
387.339;556.774;27.5719
386.947;555.779;27.6584
386.56;554.785;27.6626
386.172;553.781;27.7013
385.781;552.766;27.7336
385.39;551.747;27.7683
384.997;550.717;27.8024
384.611;549.707;27.8752
384.23;548.707;27.9096
383.849;547.704;27.9066
383.468;546.695;27.9724
383.094;545.688;27.9981
382.727;544.68;28.0204
382.37;543.682;28.0138
382.026;542.693;28.0216
381.695;541.714;28.0661
381.377;540.749;28.0472
381.071;539.794;28.0898
380.631;538.371;28.1043
380.217;536.964;28.1176
379.826;535.568;28.1338
379.45;534.152;28.1547
379.096;532.749;28.1812
378.755;531.341;28.1812
378.428;529.93;28.2149
378.114;528.521;28.2485
377.81;527.108;28.2814
377.521;525.707;28.3145
377.249;524.341;28.3441
376.987;522.965;28.3735
376.734;521.583;28.4023
376.492;520.193;28.4571
376.267;518.83;28.4535
376.056;517.468;28.4749
375.86;516.108;28.5007
375.678;514.744;28.5146
375.512;513.377;28.5581
375.361;512.002;28.545
375.228;510.628;28.5855
375.113;509.253;28.596
375.018;507.877;28.6075
374.94;506.499;28.6211
374.882;505.118;28.6335
374.841;503.736;28.6194
374.82;502.352;28.6641
374.817;500.968;28.683
374.833;499.583;28.6761
374.865;498.197;28.7029
374.914;496.809;28.7611
374.977;495.422;28.7947
375.055;494.033;28.8009
375.146;492.643;28.8704
375.247;491.252;28.912
375.359;489.86;28.9557
375.479;488.466;28.9688
375.607;487.071;29.0116
375.744;485.675;29.0836
375.89;484.278;29.1223
376.046;482.88;29.1315
376.213;481.481;29.166
376.394;480.083;29.2188
376.592;478.686;29.2389
376.807;477.29;29.2266
377.043;475.897;29.253
377.301;474.507;29.2225
377.583;473.122;29.2082
377.89;471.743;29.2047
378.224;470.371;29.1389
378.584;469.009;29.0348
378.972;467.66;28.9094
379.387;466.324;28.8176
379.831;465.001;28.736
380.306;463.69;28.6781
380.808;462.392;28.6457
381.34;461.108;28.5761
381.901;459.838;28.5352
382.489;458.582;28.5094
383.105;457.341;28.5165
383.746;456.115;28.4862
384.413;454.903;28.4931
385.104;453.704;28.5083
385.818;452.519;28.5647
386.553;451.346;28.5978
387.308;450.185;28.6092
388.082;449.034;28.6529
388.871;447.892;28.701
389.678;446.759;28.7789
390.498;445.634;28.8284
391.332;444.516;28.8503
392.18;443.406;28.9269
393.04;442.302;28.9476
393.914;441.206;29.0239
394.799;440.117;29.0719
395.698;439.035;29.0917
396.608;437.96;29.1667
397.532;436.894;29.2158
398.468;435.834;29.2371
399.414;434.782;29.3189
400.374;433.735;29.345
401.346;432.693;29.4177
402.327;431.658;29.4546
403.316;430.628;29.541
404.313;429.603;29.5989
405.317;428.581;29.657
406.327;427.56;29.687
407.343;426.54;29.7688
408.367;425.516;29.7941
409.392;424.495;29.8424
410.417;423.476;29.8919
411.445;422.457;29.9398
412.475;421.438;30.0147
413.508;420.418;30.0349
414.545;419.398;30.1069
415.589;418.373;30.1228
416.635;417.352;30.1896
417.681;416.334;30.2017
418.731;415.318;30.2404
419.785;414.304;30.306
420.842;413.291;30.318
421.905;412.278;30.3686
422.974;411.264;30.391
424.046;410.253;30.4358
425.118;409.245;30.4851
426.193;408.239;30.4906
427.271;407.235;30.523
428.353;406.232;30.5559
429.441;405.231;30.5883
430.536;404.23;30.6234
431.634;403.236;30.6403
432.737;402.249;30.6627
433.847;401.268;30.706
434.966;400.296;30.6951
436.095;399.335;30.705
437.236;398.384;30.7104
438.391;397.447;30.7341
439.554;396.526;30.7064
440.728;395.62;30.7049
441.913;394.727;30.7343
443.109;393.848;30.7418
444.314;392.982;30.7558
445.528;392.127;30.7759
446.753;391.281;30.7707
447.984;390.444;30.824
449.218;389.615;30.8225
450.455;388.789;30.8574
451.694;387.963;30.901
452.932;387.135;30.8964
454.169;386.303;30.9421
455.404;385.464;30.9577
456.635;384.616;30.9432
457.859;383.76;30.9778
459.077;382.896;30.9605
460.288;382.023;30.9959
461.494;381.142;30.9807
462.694;380.252;30.9932
463.889;379.353;31.034
465.082;378.446;31.0204
466.268;377.535;31.036
467.449;376.619;31.052
468.627;375.697;31.0934
469.803;374.77;31.0824
470.976;373.837;31.1226
471.756;373.212;31.1303
472.536;372.582;31.1349
473.311;371.949;31.1356
474.465;370.994;31.1306
475.607;370.028;31.0955
476.738;369.049;31.0725
477.855;368.054;31.055
478.956;367.043;30.9992
480.037;366.01;30.9225
481.094;364.956;30.8087
482.121;363.886;30.7039
483.121;362.797;30.5846
484.095;361.69;30.4723
485.044;360.564;30.3341
485.965;359.421;30.1738
486.854;358.26;30.0416
487.706;357.076;29.8622
488.52;355.877;29.7077
489.297;354.666;29.5796
490.04;353.44;29.459
490.749;352.2;29.313
491.428;350.947;29.1836
492.072;349.682;29.0625
492.679;348.405;28.9638
493.246;347.117;28.8428
493.773;345.82;28.7214
494.263;344.518;28.6601
494.718;343.207;28.5638
495.139;341.89;28.4788
495.528;340.565;28.3903
495.883;339.236;28.2981
496.2;337.902;28.187
496.481;336.566;28.0943
496.724;335.227;28.0153
496.932;333.888;27.9226
497.102;332.549;27.8111
497.236;331.209;27.7073
497.334;329.871;27.603
497.399;328.534;27.4989
497.426;327.2;27.3893
497.417;325.871;27.2794
497.372;324.548;27.1997
497.29;323.231;27.0955
497.173;321.92;26.9922
497.02;320.619;26.9058
496.832;319.325;26.7943
496.609;318.041;26.7075
496.352;316.769;26.6363
496.06;315.506;26.5719
495.735;314.256;26.4902
495.377;313.019;26.485
494.987;311.793;26.4457
494.564;310.58;26.4024
494.112;309.383;26.3787
493.629;308.198;26.3351
493.116;307.026;26.3443
492.576;305.87;26.3379
492.007;304.727;26.313
491.412;303.598;26.349
490.79;302.482;26.3636
490.146;301.38;26.358
489.477;300.29;26.3921
488.787;299.212;26.4701
488.078;298.144;26.4907
487.351;297.084;26.5874
486.609;296.032;26.6545
485.855;294.985;26.726
485.09;293.942;26.7969
484.317;292.901;26.8652
483.536;291.862;26.8997
482.75;290.823;26.9971
481.959;289.784;27.06
481.161;288.746;27.0895
480.356;287.71;27.1784
479.544;286.677;27.2046
478.721;285.649;27.2785
477.885;284.628;27.2929
477.036;283.616;27.3281
476.172;282.614;27.3552
475.293;281.625;27.4026
474.396;280.648;27.3937
473.482;279.686;27.4099
472.55;278.741;27.4161
471.602;277.811;27.4518
470.636;276.899;27.4396
469.652;276.003;27.4535
468.651;275.126;27.4702
467.634;274.266;27.5192
466.6;273.424;27.5172
465.552;272.601;27.5743
464.487;271.794;27.5807
463.409;271.004;27.6183
462.316;270.231;27.6878
461.209;269.473;27.73
460.091;268.729;27.7508
458.962;268;27.8025
457.822;267.284;27.8687
456.668;266.583;27.9268
455.502;265.898;27.9718
454.324;265.23;27.9885
453.135;264.578;28.0538
451.937;263.942;28.0691
450.728;263.323;28.1303
449.507;262.721;28.1374
448.273;262.142;28.166
447.025;261.584;28.2162
445.766;261.05;28.2382
444.5;260.536;28.2631
443.225;260.043;28.2709
441.941;259.57;28.3315
440.645;259.117;28.3675
439.338;258.69;28.3783
438.018;258.288;28.4318
436.691;257.913;28.4347
435.36;257.56;28.4644
434.023;257.228;28.4999
432.679;256.918;28.5299
431.327;256.632;28.5576
429.965;256.377;28.5663
428.595;256.155;28.5671
427.223;255.966;28.538
425.851;255.809;28.4807
424.48;255.68;28.4033
423.111;255.582;28.2942
421.744;255.515;28.1782
420.377;255.488;28.0339
419.012;255.505;27.8705
417.659;255.566;27.7249
416.316;255.666;27.5854
414.982;255.803;27.458
413.657;255.974;27.3404
412.343;256.181;27.2285
411.038;256.425;27.1136
409.741;256.716;26.9878
408.463;257.049;26.8712
407.205;257.424;26.7952
405.963;257.835;26.7193
404.736;258.278;26.6982
403.526;258.752;26.6695
402.328;259.256;26.694
401.142;259.798;26.6934
399.972;260.376;26.6761
398.825;260.984;26.7271
397.695;261.621;26.7413
396.577;262.283;26.8095
395.472;262.966;26.8653
394.379;263.67;26.9312
393.295;264.394;26.9983
392.218;265.145;27.0333
391.153;265.917;27.1155
390.104;266.708;27.1488
389.067;267.516;27.2071
388.04;268.342;27.2646
387.024;269.185;27.3237
386.018;270.046;27.4113
385.022;270.927;27.4445
384.037;271.828;27.5315
383.066;272.743;27.5963
382.106;273.674;27.6629
381.156;274.618;27.7342
380.214;275.574;27.8082
379.279;276.543;27.8836
378.351;277.524;27.9318
377.429;278.519;28.0063
376.516;279.527;28.073
375.615;280.546;28.1376
374.724;281.577;28.1964
373.846;282.623;28.2666
372.983;283.684;28.3017
372.138;284.763;28.3303
371.313;285.858;28.3465
370.51;286.971;28.3309
369.732;288.101;28.3477
368.977;289.248;28.3171
368.249;290.413;28.3004
367.548;291.594;28.3063
366.875;292.791;28.2972
366.231;294.004;28.2702
365.615;295.234;28.3051
365.027;296.479;28.3298
364.465;297.736;28.3776
363.928;299.005;28.4141
363.409;300.285;28.5305
362.906;301.573;28.6297
362.413;302.871;28.7326
361.924;304.173;28.8318
361.431;305.482;28.8897
360.93;306.791;28.9936
360.417;308.098;29.0555
359.889;309.402;29.1085
359.345;310.703;29.1566
358.785;311.999;29.1745
358.21;313.29;29.2515
357.618;314.578;29.3095
357.008;315.864;29.3717
356.38;317.143;29.4416
355.738;318.417;29.4848
355.086;319.688;29.5908
354.424;320.959;29.6673
353.755;322.229;29.74
353.082;323.5;29.8191
352.404;324.776;29.868
351.722;326.055;29.9441
351.037;327.335;30.0501
350.352;328.618;30.096
349.666;329.905;30.1987
348.982;331.195;30.2428
348.299;332.489;30.3172
347.616;333.789;30.3955
346.932;335.095;30.3931
346.252;336.399;30.3801
345.575;337.703;30.3854
344.899;339.009;30.4483
344.226;340.319;30.489
343.554;341.632;30.558
342.884;342.95;30.6276
342.21;344.277;30.6948
341.537;345.607;30.7596
340.866;346.937;30.8522
340.193;348.271;30.9168
339.521;349.606;30.9798
338.847;350.943;31.0442
338.395;351.836;31.0868
337.94;352.729;31.1255
337.478;353.623;31.1608
337.01;354.516;31.1922
336.536;355.405;31.2203
336.056;356.291;31.2439
335.568;357.173;31.2409
335.072;358.051;31.2746
334.568;358.924;31.2815
334.057;359.794;31.2857
333.537;360.658;31.2885
333.009;361.517;31.2863
332.47;362.371;31.2575
331.917;363.221;31.2329
331.352;364.063;31.2212
330.775;364.894;31.202
330.188;365.716;31.2126
329.589;366.529;31.201
328.981;367.335;31.1668
328.365;368.133;31.1597
327.739;368.923;31.159
327.104;369.705;31.1626
326.46;370.481;31.1642
325.805;371.249;31.1875
325.136;372.007;31.1623
324.455;372.757;31.1575
323.765;373.494;31.1786
323.065;374.22;31.1808
322.356;374.937;31.184
321.639;375.645;31.192
320.913;376.344;31.2036
320.179;377.035;31.1911
319.436;377.718;31.2035
318.685;378.392;31.2417
317.925;379.057;31.2563
317.154;379.714;31.2455
316.373;380.361;31.258
315.586;380.999;31.2713
314.793;381.626;31.2904
313.993;382.244;31.3395
313.186;382.855;31.3649
312.373;383.459;31.3934
311.553;384.055;31.4236
310.727;384.645;31.4557
309.895;385.228;31.4897
309.058;385.805;31.5256
308.214;386.376;31.5337
307.365;386.941;31.599
306.512;387.501;31.6354
305.655;388.055;31.6738
304.795;388.604;31.6855
303.93;389.15;31.7525
303.061;389.692;31.7639
302.189;390.23;31.8038
301.314;390.765;31.845
300.434;391.297;31.8838
299.551;391.825;31.923
298.664;392.349;31.961
297.773;392.868;31.9966
296.878;393.383;32.0558
295.979;393.892;32.0881
295.075;394.396;32.1177
294.167;394.894;32.1211
293.254;395.385;32.17
292.336;395.868;32.1691
291.413;396.344;32.1887
290.486;396.812;32.2293
289.553;397.271;32.2215
288.615;397.721;32.2354
287.672;398.162;32.249
286.724;398.594;32.2637
285.771;399.017;32.3032
284.813;399.43;32.3195
283.851;399.834;32.3129
282.883;400.228;32.3602
281.912;400.613;32.3842
280.936;400.988;32.386
279.955;401.355;32.4439
278.97;401.714;32.4782
277.982;402.064;32.5165
276.99;402.406;32.5305
275.994;402.742;32.6018
274.994;403.071;32.6482
273.991;403.394;32.6689
272.985;403.712;32.7187
271.976;404.026;32.7965
270.965;404.335;32.8197
269.951;404.642;32.8985
268.934;404.946;32.9218
267.916;405.249;32.9999
266.895;405.55;33.0502
265.873;405.851;33.0728
264.849;406.151;33.1492
263.823;406.452;33.1715
262.796;406.753;33.2469
261.767;407.055;33.2687
260.737;407.358;33.3172
259.706;407.661;33.3918
258.673;407.966;33.4398
257.639;408.272;33.4616
256.604;408.578;33.5097
255.567;408.886;33.5836
254.529;409.194;33.6315
253.49;409.503;33.6534
252.449;409.813;33.727
251.407;410.123;33.7747
250.364;410.434;33.8202
249.318;410.746;33.8697
248.272;411.058;33.9171
247.224;411.371;33.9388
246.175;411.684;34.0117
245.124;411.998;34.0589
244.072;412.312;34.1062
243.018;412.627;34.1279
241.964;412.943;34.1748
240.907;413.259;34.2218
239.849;413.576;34.2942
238.79;413.893;34.3411
237.73;414.212;34.3626
236.668;414.531;34.4348
235.605;414.85;34.4561
234.541;415.171;34.5285
233.475;415.491;34.5755
232.407;415.812;34.6223
231.338;416.133;34.6437
230.267;416.453;34.6905
229.195;416.774;34.7623
228.121;417.093;34.7833
227.045;417.411;34.8292
225.967;417.728;34.8747
224.886;418.043;34.9449
223.804;418.356;34.9644
222.72;418.667;35.0085
221.633;418.975;35.0523
220.544;419.28;35.1208
219.453;419.582;35.1388
218.359;419.88;35.1819
217.264;420.176;35.2503
216.165;420.468;35.2936
215.065;420.757;35.3375
213.962;421.042;35.3817
212.856;421.324;35.4263
211.749;421.604;35.4462
210.639;421.881;35.4922
209.528;422.155;35.564
208.414;422.427;35.611
207.298;422.698;35.6582
206.181;422.967;35.6802
205.061;423.235;35.7531
203.94;423.503;35.7753
202.818;423.771;35.8225
201.694;424.038;35.8947
200.568;424.307;35.9164
199.441;424.576;35.9628
198.313;424.847;36.034
197.184;425.118;36.0551
196.054;425.392;36.1008
194.922;425.667;36.1712
193.789;425.945;36.2165
192.656;426.224;36.2372
191.522;426.505;36.3074
190.386;426.789;36.3529
189.249;427.074;36.3985
188.112;427.361;36.4196
186.973;427.65;36.4883
185.833;427.941;36.5115
184.692;428.233;36.5577
183.55;428.527;36.6038
182.407;428.822;36.6748
181.263;429.118;36.6963
180.117;429.414;36.7673
178.97;429.712;36.7886
177.821;430.01;36.8348
176.671;430.307;36.881
175.519;430.605;36.9271
174.365;430.902;36.9977
173.21;431.199;37.0427
172.054;431.493;37.0875
170.895;431.786;37.1315
169.734;432.077;37.1746
168.571;432.365;37.1926
167.405;432.65;37.2577
166.238;432.93;37.2737
165.067;433.207;37.3361
163.895;433.479;37.3725
162.721;433.745;37.4087
161.544;434.006;37.4198
160.363;434.262;37.4768
159.181;434.511;37.4859
157.996;434.753;37.5184
156.809;434.989;37.5749
155.619;435.218;37.5837
154.427;435.44;37.6176
153.232;435.656;37.6527
152.036;435.865;37.6905
150.836;436.068;37.7544
149.635;436.266;37.7954
148.431;436.457;37.8131
147.225;436.644;37.8832
146.017;436.825;37.9294
144.807;437.003;37.9769
143.595;437.177;38.0242
142.382;437.349;38.0735
141.167;437.518;38.0969
139.949;437.686;38.1706
138.73;437.852;38.2187
137.51;438.019;38.2408
136.287;438.185;38.313
135.064;438.351;38.3343
133.839;438.517;38.4057
132.613;438.684;38.4515
131.385;438.851;38.4728
130.155;439.018;38.544
128.924;439.185;38.5653
127.692;439.351;38.6364
126.458;439.517;38.6821
125.222;439.681;38.7273
123.984;439.844;38.7472
122.745;440.005;38.7908
121.505;440.162;38.8571
120.262;440.317;38.8974
119.017;440.467;38.9359
117.771;440.612;38.9723
116.523;440.751;39.0063
115.273;440.885;39.0376
114.021;441.011;39.0438
112.767;441.131;39.0917
111.512;441.242;39.1162
110.255;441.346;39.1159
108.997;441.44;39.1553
107.737;441.526;39.1574
106.475;441.601;39.1858
105.213;441.667;39.1991
103.949;441.722;39.1896
102.685;441.766;39.2018
101.42;441.8;39.2159
100.153;441.823;39.255
98.8857;441.836;39.2727
97.6176;441.838;39.2928
96.3491;441.83;39.292
95.0799;441.812;39.3404
93.8101;441.783;39.3674
92.5399;441.745;39.3968
91.2694;441.697;39.4053
89.9982;441.64;39.4648
88.7262;441.575;39.5015
87.4538;441.501;39.5159
86.1808;441.418;39.581
84.9072;441.328;39.6227
83.633;441.231;39.6654
82.3581;441.127;39.7089
81.0825;441.017;39.7533
79.8061;440.901;39.7731
78.5288;440.779;39.8185
77.2506;440.652;39.8643
75.9715;440.521;39.9359
74.6914;440.386;39.9568
73.4102;440.247;40.0033
72.1279;440.104;40.0501
70.8443;439.959;40.1226
69.5597;439.811;40.1439
68.2739;439.661;40.191
66.9868;439.509;40.2381
65.6982;439.356;40.2849
64.4083;439.202;40.3317
63.1169;439.047;40.3781
61.8241;438.892;40.4242
60.5296;438.737;40.4952
59.2338;438.582;40.5153
57.9366;438.429;40.5604
56.6376;438.276;40.605
55.3371;438.125;40.6743
54.0349;437.975;40.7183
52.731;437.827;40.7372
51.4255;437.68;40.7808
50.1181;437.535;40.8492
48.8097;437.392;40.8929
47.4995;437.251;40.9365
46.1876;437.112;40.9801
44.8741;436.974;41.0239
43.559;436.838;41.0431
42.2422;436.704;41.1117
40.9237;436.57;41.1557
39.6039;436.438;41.1996
38.2829;436.307;41.2437
36.9603;436.176;41.2876
35.6362;436.046;41.3069
34.3106;435.916;41.3753
32.9835;435.786;41.4188
31.655;435.655;41.4377
30.3249;435.522;41.4809
28.9939;435.389;41.546
27.6624;435.253;41.5636
26.3294;435.115;41.6037
24.9955;434.973;41.6423
23.6606;434.827;41.7014
22.3249;434.676;41.7348
20.9888;434.52;41.7671
19.6517;434.358;41.7732
18.3156;434.189;41.7989
16.9793;434.013;41.8209
15.643;433.829;41.8593
14.3071;433.636;41.8734
12.9717;433.434;41.8636
11.6373;433.222;41.8698
10.3034;432.999;41.8916
8.97131;432.766;41.8729
7.6421;432.524;41.8941
6.3136;432.27;41.8702
4.98701;432.005;41.885
3.66255;431.728;41.8796
2.34021;431.439;41.8733
1.02068;431.137;41.8696
-0.296254;430.824;41.8468
-1.61077;430.498;41.8684
-2.92187;430.16;41.8517
-4.22994;429.81;41.8609
-5.53508;429.45;41.8977
-6.83734;429.08;41.8952
-8.13724;428.699;41.9173
-9.43583;428.306;41.963
-10.7321;427.902;41.9886
-12.0235;427.489;41.995
-13.3126;427.065;42.0456
-14.599;426.631;42.0501
-15.8825;426.187;42.0959
-17.163;425.734;42.0964
-18.4409;425.269;42.1132
-19.7172;424.792;42.1402
-20.9876;424.305;42.1259
-22.2528;423.807;42.1134
-23.513;423.299;42.0829
-24.7672;422.778;42.0138
-26.0142;422.246;41.9047
-27.2534;421.702;41.7943
-28.4834;421.144;41.5352
-29.7;420.573;41.3582
-30.9008;419.991;41.0107
-32.088;419.399;40.7196
-33.2616;418.797;40.4904
-34.421;418.186;40.1536
-35.566;417.565;39.784
-36.6954;416.935;39.3705
-37.8081;416.29;38.8732
-38.9017;415.635;38.3469
-39.9696;414.97;37.808
-41.018;414.295;37.2758
-42.0477;413.612;36.6506
-43.0585;412.921;36.1037
-44.0501;412.22;35.555
-45.0227;411.509;34.9867
-45.9727;410.782;34.4201
-46.8986;410.047;33.844
-47.7982;409.301;33.3272
-48.6764;408.546;32.8327
-49.5331;407.782;32.3386
-50.368;407.01;31.7853
-51.1806;406.232;31.2861
-51.9707;405.447;30.7617
-52.738;404.657;30.2891
-53.4823;403.859;29.7723
-54.1976;403.052;29.2124
-54.8852;402.243;28.6769
-55.542;401.431;28.2242
-56.174;400.616;27.7971
-56.7827;399.799;27.3871
-57.3683;398.98;27.0016
-58.2067;397.749;26.4538
-58.9952;396.512;25.915
-59.7164;395.269;25.2881
-60.3703;394.03;24.7346
-60.9616;392.8;24.3307
-61.4991;391.574;23.9685
-61.9819;390.353;23.655
-62.4137;389.139;23.3866
-62.7967;387.934;23.1804
-63.1247;386.732;22.9865
-63.3935;385.538;22.7702
-63.603;384.36;22.67
-63.7592;383.197;22.5815
-63.8661;382.045;22.5565
-63.927;380.906;22.5239
-63.9438;379.778;22.5632
-63.9176;378.659;22.5578
-63.8499;377.547;22.5848
-63.7431;376.441;22.6207
-63.6048;375.343;22.7157
-63.4374;374.251;22.8008
-63.2511;373.161;22.8929
-63.0561;372.07;22.9734
-62.864;370.976;23.0297
-62.6848;369.878;23.0543
-62.5256;368.777;23.0509
-62.3906;367.674;22.9968
-62.283;366.569;22.9676
-62.204;365.464;22.8743
-62.1557;364.361;22.793
-62.1391;363.259;22.7275
-62.1549;362.161;22.612
-62.204;361.067;22.5455
-62.2868;359.979;22.4389
-62.4031;358.897;22.3621
-62.5522;357.823;22.2999
-62.735;356.757;22.2509
-62.9491;355.699;22.2454
-63.1944;354.65;22.2294
-63.4699;353.609;22.1973
-63.7731;352.576;22.2101
-64.1027;351.551;22.274
-64.4573;350.534;22.3141
-64.8335;349.523;22.3275
-65.2306;348.518;22.4145
-65.6468;347.518;22.4323
-66.079;346.522;22.5259
-66.5273;345.531;22.5847
-66.9893;344.542;22.6428
-67.4645;343.558;22.6688
-67.9524;342.576;22.7651
-68.4524;341.596;22.7908
-68.9634;340.619;22.8875
-69.4868;339.645;22.9144
-70.0225;338.674;23.0033
-70.5702;337.708;23.0618
-71.1311;336.744;23.088
-71.7034;335.784;23.1776
-72.2882;334.83;23.2381
-72.8852;333.877;23.2971
-73.4934;332.93;23.3261
-74.1142;331.987;23.3857
-74.7478;331.048;23.4472
-75.3922;330.113;23.5084
-76.0476;329.184;23.6055
-76.7145;328.256;23.6722
-77.3908;327.332;23.7068
-78.0761;326.412;23.8088
-78.7713;325.493;23.8795
-79.4757;324.576;23.9196
-80.1884;323.662;23.9911
-80.9096;322.75;24.0934
-81.6399;321.841;24.133
-82.3792;320.934;24.2029
-83.1277;320.03;24.3006
-83.8858;319.13;24.3673
-84.654;318.235;24.4032
-85.4331;317.345;24.4932
-86.2242;316.461;24.5527
-87.0276;315.585;24.5815
-87.8437;314.717;24.6649
-88.673;313.858;24.6898
-89.5158;313.008;24.7708
-90.3721;312.168;24.7939
-91.2421;311.339;24.8743
-92.1255;310.521;24.9284
-93.0218;309.712;24.9556
-93.9303;308.912;25.0458
-94.8501;308.121;25.1078
-95.7809;307.339;25.172
-96.7218;306.564;25.2381
-97.672;305.795;25.2751
-98.631;305.032;25.343
-99.5983;304.274;25.4107
-100.574;303.522;25.5091
-101.556;302.773;25.5473
-102.546;302.029;25.6153
-103.543;301.288;25.7127
-104.547;300.552;25.7491
-105.559;299.821;25.8444
-106.578;299.095;25.9095
-107.604;298.374;25.9445
-108.638;297.658;26.0384
-109.68;296.948;26.1022
-110.73;296.244;26.1368
-111.786;295.544;26.2315
-112.85;294.85;26.2969
-113.92;294.16;26.3633
-114.995;293.472;26.4011
-116.076;292.787;26.4691
-117.162;292.103;26.5374
-118.253;291.42;26.6048
-119.347;290.737;26.6722
-120.444;290.054;26.7682
-121.544;289.369;26.8059
-122.647;288.682;26.8724
-123.753;287.994;26.9677
-124.862;287.304;27.0051
-125.975;286.614;27.0918
-127.09;285.923;27.1643
-128.209;285.232;27.2001
-129.331;284.541;27.2646
-130.458;283.851;27.3287
-131.589;283.162;27.3923
-132.725;282.475;27.4558
-133.867;281.79;27.5461
-135.013;281.109;27.5778
-136.166;280.433;27.6375
-137.325;279.762;27.7236
-138.491;279.098;27.7507
-139.665;278.442;27.8321
-140.847;277.795;27.8835
-142.037;277.158;27.9336
-143.235;276.532;27.9546
-144.442;275.917;28.031
-145.657;275.313;28.0522
-146.881;274.721;28.1337
-148.112;274.138;28.1894
-149.351;273.565;28.2486
-150.596;272.998;28.2816
-151.847;272.437;28.347
-153.102;271.879;28.4421
-154.36;271.32;28.4791
-155.62;270.757;28.5415
-156.88;270.187;28.6002
-158.139;269.607;28.6538
-159.395;269.017;28.7023
-160.648;268.412;28.7723
-161.896;267.794;28.8155
-163.139;267.161;28.8592
-164.377;266.513;28.9056
-165.611;265.851;28.9285
-166.84;265.176;29.0104
-168.065;264.488;29.0417
-169.287;263.79;29.1331
-170.508;263.083;29.1699
-171.728;262.368;29.2659
-172.949;261.649;29.3039
-174.171;260.926;29.3995
-175.397;260.203;29.4351
-176.627;259.481;29.4986
-177.862;258.761;29.5609
-179.102;258.044;29.6223
-180.347;257.33;29.7124
-181.598;256.621;29.7733
-182.855;255.915;29.806
-184.117;255.213;29.8684
-185.385;254.514;29.9602
-186.656;253.817;30.0238
-187.933;253.121;30.088
-189.213;252.427;30.1519
-190.497;251.732;30.1876
-191.783;251.035;30.2792
-193.07;250.334;30.3143
-194.359;249.629;30.3753
-195.646;248.916;30.4551
-196.93;248.192;30.5025
-198.209;247.455;30.5204
-199.48;246.703;30.5107
-200.739;245.934;30.4576
-201.984;245.147;30.3839
-203.213;244.34;30.3354
-204.426;243.511;30.3052
-205.622;242.657;30.2818
-206.799;241.78;30.2159
-207.956;240.878;30.1612
-209.09;239.951;30.1265
-210.203;239.001;30.0792
-211.294;238.027;30.0183
-212.362;237.031;29.9913
-213.408;236.012;30.0072
-214.432;234.973;29.991
-215.436;233.913;30.0182
-216.42;232.835;30.063
-217.388;231.74;30.154
-218.343;230.631;30.2284
-219.288;229.51;30.3088
-220.229;228.382;30.3588
-221.169;227.249;30.4613
-222.113;226.115;30.4968
-223.063;224.983;30.5825
-224.021;223.855;30.6063
-224.988;222.73;30.6576
-225.964;221.609;30.7118
-226.948;220.492;30.7695
-227.94;219.379;30.8305
-228.938;218.266;30.8938
-229.938;217.152;30.9562
-230.938;216.034;31.0394
-231.603;215.285;31.0751
-232.265;214.533;31.1068
-232.923;213.776;31.1344
-233.578;213.014;31.1575
-234.227;212.246;31.1616
-234.871;211.473;31.1913
-235.508;210.694;31.204
-236.139;209.909;31.1912
-236.762;209.117;31.1987
-237.378;208.319;31.2273
-237.985;207.514;31.2098
-238.585;206.703;31.2143
-239.176;205.885;31.2186
-239.758;205.061;31.2241
-240.332;204.23;31.2551
-240.897;203.393;31.2646
-241.453;202.55;31.2764
-242.001;201.7;31.266
-242.54;200.845;31.3066
-243.07;199.983;31.3252
-243.592;199.116;31.3475
-244.107;198.244;31.3719
-244.613;197.366;31.3981
-245.113;196.484;31.4255
-245.604;195.596;31.4537
-246.089;194.703;31.4821
-246.566;193.806;31.5111
-247.037;192.904;31.5159
-247.502;191.998;31.5726
-247.96;191.088;31.6037
-248.412;190.174;31.6091
-248.859;189.256;31.6656
-249.299;188.334;31.6962
-249.733;187.408;31.7013
-250.162;186.478;31.7564
-250.584;185.544;31.7873
-251.001;184.607;31.8072
-251.413;183.667;31.8489
-251.818;182.722;31.8541
-252.219;181.774;31.8852
-252.613;180.823;31.9427
-253.003;179.869;31.9749
-253.387;178.911;31.9819
-253.766;177.95;32.0161
-254.141;176.987;32.0506
-254.511;176.02;32.0859
-254.877;175.051;32.1221
-255.24;174.079;32.1588
-255.598;173.104;32.2222
-255.954;172.127;32.2331
-256.306;171.147;32.2969
-256.655;170.166;32.308
-257.002;169.182;32.3452
-257.346;168.196;32.4088
-257.688;167.208;32.4456
-258.027;166.217;32.4818
-258.364;165.225;32.4918
-258.698;164.23;32.5274
-259.029;163.234;32.5882
-259.357;162.235;32.6224
-259.682;161.234;32.6556
-260.003;160.231;32.6879
-260.319;159.225;32.6946
-260.632;158.217;32.7496
-260.94;157.206;32.7546
-261.242;156.193;32.7837
-261.54;155.177;32.8373
-261.833;154.159;32.8652
-262.12;153.138;32.868
-262.402;152.114;32.9194
-262.677;151.089;32.9453
-262.946;150.06;32.9703
-263.208;149.029;32.9706
-263.464;147.995;32.9946
-263.712;146.959;33.0425
-263.954;145.921;33.0658
-264.189;144.88;33.0755
-264.416;143.836;33.1105
-264.635;142.791;33.1081
-264.847;141.743;33.1284
-265.051;140.692;33.1477
-265.246;139.64;33.1896
-265.434;138.585;33.209
-265.613;137.528;33.2278
-265.783;136.469;33.2464
-265.945;135.408;33.241
-266.099;134.346;33.2598
-266.244;133.281;33.279
-266.38;132.214;33.2989
-266.508;131.146;33.3197
-266.627;130.076;33.3422
-266.739;129.005;33.3665
-266.843;127.932;33.418
-266.939;126.857;33.4448
-267.027;125.781;33.4724
-267.108;124.704;33.5002
-267.182;123.625;33.5279
-267.248;122.545;33.5303
-267.307;121.464;33.5579
-267.358;120.381;33.5855
-267.403;119.297;33.6122
-267.44;118.212;33.6377
-267.469;117.127;33.6619
-267.491;116.04;33.7082
-267.505;114.952;33.7049
-267.51;113.864;33.7463
-267.506;112.775;33.7619
-267.493;111.686;33.7534
-267.471;110.596;33.7667
-267.44;109.506;33.7776
-267.399;108.416;33.7865
-267.347;107.325;33.8166
-267.285;106.235;33.8215
-267.212;105.146;33.8018
-267.128;104.057;33.8266
-267.033;102.968;33.827
-266.927;101.881;33.8045
-266.809;100.794;33.8296
-266.68;99.7088;33.807
-266.539;98.6248;33.8313
-266.386;97.5421;33.832
-266.222;96.4612;33.8326
-266.046;95.3821;33.8332
-265.858;94.3049;33.8341
-265.658;93.2298;33.8118
-265.446;92.1569;33.8132
-265.223;91.0862;33.8414
-264.988;90.0179;33.846
-264.742;88.952;33.8272
-264.484;87.8887;33.8573
-264.214;86.8282;33.8397
-263.934;85.7704;33.8709
-263.641;84.7155;33.8541
-263.338;83.6637;33.8853
-263.023;82.615;33.8936
-262.698;81.5693;33.8785
-262.361;80.5268;33.9131
-262.014;79.4875;33.8986
-261.656;78.4517;33.9085
-261.287;77.4194;33.9176
-260.907;76.3908;33.9306
-260.517;75.366;33.9577
-260.115;74.3451;33.9648
-259.703;73.3283;33.9713
-259.28;72.3157;33.9532
-258.847;71.3072;33.9853
-258.403;70.303;33.968
-257.949;69.3032;33.9752
-257.484;68.308;33.9821
-257.008;67.3175;33.9883
-256.522;66.332;34.0178
-256.026;65.3515;33.9988
-255.519;64.3764;34.0257
-255.001;63.4067;34.0049
-254.472;62.4426;34.0065
-253.933;61.4841;34.0099
-253.384;60.5313;34.0134
-252.825;59.5843;34.0413
-252.255;58.6432;34.0206
-251.675;57.7083;34.0274
-251.084;56.7796;34.029
-250.484;55.8571;34.0339
-249.874;54.9411;34.0639
-249.254;54.0316;34.0451
-248.623;53.1286;34.0772
-247.984;52.232;34.0609
-247.335;51.3419;34.0715
-246.677;50.4581;34.0832
-246.009;49.581;34.1205
-245.333;48.7105;34.1079
-244.647;47.8467;34.1205
-243.952;46.9896;34.1584
-243.249;46.1393;34.1465
-242.537;45.2957;34.1846
-241.817;44.4589;34.1728
-241.088;43.6287;34.1884
-240.351;42.805;34.2042
-239.606;41.988;34.2461
-238.854;41.1776;34.237
-238.093;40.374;34.2796
-237.324;39.577;34.271
-236.548;38.7868;34.2881
-235.765;38.0034;34.305
-234.973;37.2268;34.347
-234.175;36.4571;34.3638
-233.369;35.6943;34.3552
-232.556;34.9381;34.3744
-231.736;34.1884;34.4212
-230.91;33.4452;34.4426
-230.077;32.7083;34.4386
-229.237;31.9777;34.4896
-228.391;31.2533;34.5152
-227.54;30.5347;34.515
-226.682;29.8219;34.5712
-225.819;29.1144;34.6018
-224.95;28.412;34.6053
-224.076;27.7147;34.6651
-223.197;27.022;34.6704
-222.314;26.3338;34.7321
-221.426;25.6495;34.7671
-220.534;24.9688;34.7747
-219.638;24.2915;34.8387
-218.739;23.6171;34.8472
-217.836;22.9455;34.8841
-216.93;22.2761;34.9489
-216.021;21.6086;34.9864
-215.11;20.9426;34.9964
-214.196;20.2778;35.0615
-213.28;19.6138;35.0716
-212.363;18.9504;35.109
-211.443;18.2875;35.173
-210.522;17.6251;35.1823
-209.599;16.9634;35.2447
-208.674;16.3027;35.2532
-207.746;15.6435;35.2864
-206.816;14.9866;35.3177
-205.882;14.3327;35.346
-204.944;13.6829;35.3708
-204.002;13.0379;35.4121
-203.056;12.3987;35.4051
-202.104;11.7665;35.4123
-201.146;11.1423;35.4316
-200.183;10.5266;35.4238
-199.214;9.92047;35.4069
-198.238;9.3248;35.3812
-197.256;8.74035;35.3287
-196.268;8.16793;35.2863
-195.273;7.60812;35.2538
-194.272;7.06148;35.1787
-193.265;6.52863;35.1327
-192.252;6.01;35.0635
-191.233;5.50605;34.9898
-190.208;5.01711;34.8947
-189.178;4.54363;34.8144
-188.143;4.08578;34.7535
-187.103;3.64371;34.6741
-186.059;3.21773;34.5953
-185.009;2.80809;34.518
-183.956;2.41492;34.4233
-182.899;2.03844;34.3706
-181.838;1.67867;34.302
-180.773;1.33574;34.2373
-179.705;1.00961;34.1769
-178.635;0.700391;34.1002
-177.562;0.408047;34.0485
-176.486;0.132383;34.0038
-175.407;-0.126719;33.9651
-174.327;-0.369258;33.9537
-173.186;-0.606836;33.901
-171.96;-0.841055;33.874
-170.724;-1.05598;33.8533
-169.476;-1.25191;33.8658
-168.218;-1.42844;33.8294
-166.946;-1.5859;33.8259
-165.687;-1.72184;33.8314
-164.423;-1.83887;33.8649
-163.149;-1.9377;33.877
-161.863;-2.01867;33.8736
-160.559;-2.08246;33.9177
-159.256;-2.12855;33.9458
-157.933;-2.15852;33.9442
-156.615;-2.1725;33.9819
-155.29;-2.17176;34.0237
-153.976;-2.1577;34.1078
-152.627;-2.13098;34.1208
-151.294;-2.09395;34.2119
-149.969;-2.04844;34.2676
-148.649;-1.99633;34.2873
-147.317;-1.93871;34.3448
-145.983;-1.87773;34.4392
-144.625;-1.81422;34.4915
-143.329;-1.75391;34.5068
-142.042;-1.69578;34.554
-140.752;-1.64039;34.5989
-139.486;-1.58973;34.6408
-138.219;-1.54332;34.6812
-136.928;-1.5009;34.7543
-135.635;-1.46367;34.7932
-134.358;-1.43211;34.8002
-133.086;-1.40598;34.8393
-131.85;-1.38547;34.9079
-130.585;-1.36937;34.948
-129.347;-1.35801;34.9573
-128.079;-1.35062;34.9983
-126.856;-1.34707;35.0686
-125.603;-1.34676;35.0794
-124.4;-1.34906;35.1189
-123.198;-1.35352;35.1869
-121.998;-1.35973;35.2264
-120.776;-1.36742;35.2703
-119.456;-1.37691;35.3081
-118.242;-1.38625;35.3468
-117.035;-1.39586;35.3853
-115.798;-1.40582;35.4238
-114.583;-1.41535;35.4335
-113.372;-1.42434;35.4709
-112.17;-1.43246;35.5078
-110.936;-1.43992;35.5453
-109.72;-1.44621;35.5821
-108.492;-1.45125;35.647
-107.253;-1.45488;35.6558
-106.025;-1.45687;35.7194
-104.81;-1.45711;35.7277
-103.58;-1.45547;35.7913
-102.347;-1.4518;35.8271
-101.097;-1.4459;35.8624
-99.8807;-1.43801;35.897
-98.6568;-1.42789;35.9051
-97.4378;-1.41559;35.9399
-96.2085;-1.40102;36.0021
-94.9704;-1.38414;36.0374
-93.7456;-1.36535;36.0452
-92.5083;-1.34445;36.1081
-91.2676;-1.3216;36.1162
-90.0305;-1.29715;36.1788
-88.8039;-1.27152;36.187
-87.5682;-1.24445;36.2226
-86.3239;-1.21617;36.2584
-85.0834;-1.18723;36.3207
-83.862;-1.1582;36.3558
-82.6385;-1.12883;36.3814
-81.4047;-1.09914;36.3989
-80.1709;-1.06949;36.4603
-78.9526;-1.04047;36.4952
-77.7259;-1.01164;36.5289
-76.5192;-0.98375;36.5625
-75.3027;-0.956211;36.5968
-74.085;-0.929297;36.6043
-72.8797;-0.903281;36.6378
-71.6781;-0.878047;36.6711
-70.4847;-0.853633;36.73
-69.282;-0.829648;36.7633
-68.0718;-0.806133;36.7708
-66.8813;-0.783594;36.829
-65.6935;-0.761562;36.8617
-64.5046;-0.739961;36.8689
-63.3136;-0.71875;36.927
-62.1226;-0.697852;36.9342
-60.9305;-0.677188;36.9667
-59.7374;-0.656758;36.9993
-58.5432;-0.636523;37.0571
-57.348;-0.616289;37.0895
-56.1517;-0.596172;37.0966
-54.9544;-0.576055;37.1543
-53.7561;-0.555898;37.1866
-52.5567;-0.535781;37.2189
-51.3563;-0.515586;37.2512
-50.1548;-0.495312;37.2581
-48.9523;-0.474922;37.2903
-47.7487;-0.454414;37.3225
-46.5441;-0.433828;37.3799
-45.3385;-0.413047;37.412
-44.1319;-0.392188;37.444
-42.9242;-0.371211;37.4508
-41.7155;-0.350078;37.4828
-40.5057;-0.328828;37.54
-39.295;-0.307461;37.5467
-38.0832;-0.285937;37.6038
-36.8703;-0.264375;37.6105
-35.6565;-0.242656;37.6423
-34.4416;-0.22082;37.6994
-33.2258;-0.198906;37.7311
-32.0088;-0.176875;37.7377
-30.7909;-0.154727;37.7694
-29.5719;-0.132539;37.8169
-28.352;-0.110273;37.8579
-27.131;-0.0879687;37.8896
-25.9089;-0.0655469;37.9212
-24.6859;-0.0430469;37.9527
-23.4619;-0.0205469;37.9591
-22.2368;0.00199219;37.9906
-21.0107;0.0245703;38.0221
-19.7836;0.0471875;38.0535
-18.5555;0.0698437;38.0849
-17.3264;0.0924609;38.1415
-16.0962;0.115156;38.1477
-14.8651;0.137852;38.179
-13.6329;0.160586;38.2355
-12.3998;0.183281;38.2667
-11.1656;0.206016;38.298
-9.9304;0.228711;38.3041
-8.69421;0.251445;38.3604
-7.45702;0.27418;38.3915
-6.21882;0.296875;38.4226
-4.97963;0.319609;38.4537
-3.73944;0.342344;38.4848
-2.49824;0.365078;38.5061
