1.02024;7.8125e-05;2.4956
2.02655;7.8125e-05;3.36555
3.09285;7.8125e-05;3.91635
4.10561;0.000351562;4.65037
5.11031;0.000585937;5.27718
6.26127;0.000820312;6.14802
7.35017;0.00117187;6.87585
8.54121;0.00132813;7.53325
9.57173;0.00144531;7.90624
10.6664;0.00167969;8.49136
11.8227;0.00203125;8.83636
13.0385;0.00242188;9.27827
14.3116;0.00292969;9.8153
15.6405;0.00351562;10.1207
16.6728;0.00390625;10.4246
17.7351;0.00449219;10.8254
18.8267;0.00492187;11.0143
19.9474;0.00558594;11.3024
21.0965;0.00613281;11.5867
22.2739;0.006875;11.8674
23.4791;0.0075;12.2427
24.7119;0.00832031;12.5103
25.972;0.00910156;12.7876
27.259;0.01;13.0564
28.5729;0.0108203;13.3229
29.9078;0.0118359;13.3491
31.2448;0.0126953;13.3247
32.5872;0.0136719;13.5263
33.9602;0.0146094;13.8223
35.3615;0.0157031;14.1968
36.7904;0.0167578;14.4735
38.2459;0.0179687;14.7351
39.7272;0.0191016;14.989
40.7287;0.0199609;15.0649
41.7413;0.0208203;15.2291
42.7646;0.0217187;15.3906
43.7986;0.0226562;15.5499
44.8431;0.0235937;15.7071
45.898;0.0245703;15.9468
46.9631;0.0255469;16.0996
48.0384;0.0266016;16.1677
49.1238;0.0276562;16.3182
50.2191;0.0287109;16.4673
51.3243;0.0298437;16.6153
52.4393;0.0309766;16.7622
53.564;0.0321875;16.908
54.6985;0.0333984;17.0529
55.8425;0.0346094;17.197
56.9961;0.0358594;17.3403
58.1593;0.0371484;17.4829
59.3319;0.0384766;17.6247
60.5139;0.0398047;17.766
61.7053;0.0411719;17.9066
62.9061;0.0425781;18.0467
64.1162;0.0439844;18.2644
65.3355;0.0454687;18.3254
66.5641;0.0469531;18.4639
67.802;0.0484766;18.6021
69.049;0.0500391;18.7398
70.3051;0.0516406;18.877
71.5704;0.0532812;19.0911
72.8448;0.0549219;19.1504
74.1283;0.0566406;19.2865
75.4209;0.0583594;19.499
76.7224;0.0601172;19.6251
78.033;0.0619141;19.7692
79.3526;0.0637109;19.8272
80.6811;0.0655859;20.038
82.0186;0.0674609;20.0955
83.3649;0.0694141;20.2292
84.7202;0.0713672;20.3614
86.0761;0.0733594;20.3424
87.4308;0.0753906;20.3218
88.7878;0.0774219;20.392
90.1553;0.0794531;20.5484
91.5328;0.0815625;20.6987
92.9201;0.0836719;20.8428
94.3166;0.0858594;20.9814
95.7221;0.0880469;21.115
97.1363;0.0902734;21.2442
98.5588;0.0925391;21.4408
99.9895;0.0948437;21.4913
101.428;0.0971875;21.6101
102.875;0.0995703;21.7263
104.329;0.101992;21.9068
105.79;0.104453;21.9523
107.259;0.106953;22.0627
108.736;0.109492;22.2359
110.219;0.11207;22.2792
111.71;0.114648;22.3857
113.207;0.117305;22.4912
114.712;0.119961;22.5959
116.223;0.122734;22.6999
117.742;0.125469;22.8032
119.267;0.128281;22.9059
120.799;0.131094;23.0082
122.338;0.133984;23.1715
123.884;0.136875;23.2727
125.437;0.139805;23.3122
126.996;0.142773;23.4128
128.562;0.145781;23.5742
130.134;0.148828;23.6741
131.713;0.151914;23.7737
133.299;0.155039;23.8123
134.891;0.158203;23.9115
136.49;0.161406;24.0712
138.096;0.164648;24.1092
139.708;0.16793;24.2077
141.327;0.17125;24.306
142.952;0.174648;24.4531
144.584;0.178047;24.5624
146.223;0.181484;24.5997
147.867;0.184961;24.6972
149.519;0.188477;24.7945
151.176;0.192031;24.8917
152.841;0.195625;24.9886
154.511;0.199258;25.1337
156.189;0.20293;25.1819
157.872;0.20668;25.2783
159.562;0.21043;25.3745
161.259;0.214258;25.5306
162.962;0.218086;25.5664
164.671;0.221992;25.6621
166.386;0.225938;25.7576
168.108;0.229922;25.8529
169.836;0.233984;25.9481
171.571;0.238047;26.0905
173.312;0.242148;26.1378
175.059;0.246289;26.2325
176.813;0.250508;26.3269
178.573;0.254727;26.4212
180.339;0.259023;26.5153
182.111;0.263359;26.6093
183.89;0.267734;26.703
185.675;0.272148;26.7966
187.466;0.276602;26.9495
189.263;0.281133;27.0428
191.066;0.285703;27.0764
192.876;0.290312;27.1693
194.692;0.294961;27.262
196.514;0.299688;27.3546
198.342;0.304453;27.447
200.177;0.309258;27.5393
202.017;0.314102;27.6313
203.864;0.318984;27.7232
205.717;0.323906;27.8149
207.576;0.328906;27.9656
209.441;0.333945;27.9979
211.312;0.339023;28.0891
213.189;0.34418;28.2256
215.072;0.349375;28.271
216.961;0.354609;28.3618
218.857;0.359883;28.4523
220.758;0.365195;28.5427
222.665;0.370586;28.6329
224.579;0.376055;28.7818
226.498;0.381523;28.8577
228.423;0.38707;28.9026
230.355;0.392656;29.0508
232.292;0.398281;29.0815
234.235;0.403984;29.1707
236.184;0.409727;29.2598
238.139;0.415508;29.393
240.1;0.421367;29.4374
242.067;0.427266;29.5259
244.04;0.433203;29.6143
246.019;0.439219;29.761
248.003;0.445273;29.7906
249.994;0.451367;29.9369
251.99;0.457539;30.01
252.99;0.460625;30.0684
253.992;0.463789;30.0538
254.995;0.466914;30.0975
256;0.470078;30.1412
257.006;0.473242;30.1849
258.014;0.476406;30.2868
259.023;0.479609;30.272
260.033;0.482812;30.3156
261.045;0.486016;30.359
262.059;0.489258;30.4025
263.073;0.4925;30.5041
264.09;0.495742;30.5474
265.107;0.499023;30.5325
266.127;0.502305;30.5758
267.147;0.505586;30.619
268.169;0.508906;30.6622
269.193;0.512227;30.7054
270.218;0.515547;30.7485
271.244;0.518906;30.7916
272.272;0.522266;30.8348
273.299;0.525625;30.8362
274.327;0.529023;30.8198
275.353;0.532422;30.8029
276.379;0.53582;30.7861
277.405;0.539219;30.7693
278.432;0.542617;30.8046
279.46;0.546055;30.8417
280.489;0.549492;30.9322
281.52;0.55293;30.9173
282.552;0.556367;30.9553
283.585;0.559844;31.0462
284.619;0.56332;31.0313
285.655;0.566797;31.0693
286.692;0.570273;31.1074
287.73;0.573789;31.1455
288.769;0.577305;31.1837
289.81;0.58082;31.2218
290.852;0.584375;31.3134
291.895;0.58793;31.2982
292.94;0.591484;31.3364
293.986;0.595117;31.3746
295.033;0.598711;31.4129
296.081;0.602305;31.5046
297.131;0.605937;31.4892
298.182;0.60957;31.581
299.234;0.613203;31.6192
300.287;0.616875;31.6038
301.342;0.620547;31.6956
302.398;0.624219;31.6801
303.455;0.62793;31.7182
304.514;0.631641;31.7563
305.574;0.635352;31.7944
306.635;0.639102;31.8325
307.697;0.642852;31.8706
308.761;0.646602;31.9086
309.826;0.650391;31.9466
310.892;0.65418;31.9845
311.959;0.658008;32.0762
313.028;0.661836;32.0604
314.098;0.665664;32.152
315.169;0.669531;32.1362
316.241;0.673398;32.1741
317.315;0.677266;32.2119
318.39;0.681172;32.2497
319.466;0.685078;32.3411
320.544;0.688984;32.3252
321.623;0.69293;32.3629
322.703;0.696914;32.4382
323.784;0.700859;32.4382
324.866;0.704844;32.5294
325.95;0.708828;32.5134
327.035;0.712852;32.6045
328.121;0.716875;32.642
329.209;0.720898;32.6795
330.298;0.724961;32.6634
331.388;0.729023;32.7544
332.479;0.733086;32.7918
333.571;0.737188;32.8291
334.665;0.741289;32.813
335.76;0.745391;32.8503
336.856;0.749531;32.8875
337.954;0.753672;32.9782
339.053;0.757852;32.9619
340.153;0.762031;32.9991
341.254;0.766211;33.0733
342.356;0.77043;33.0733
343.46;0.774648;33.1104
344.565;0.778867;33.2009
345.671;0.783125;33.1845
346.778;0.787383;33.2748
347.887;0.79168;33.2584
348.997;0.795977;33.2953
350.108;0.800273;33.3321
351.22;0.804609;33.4058
352.334;0.808945;33.4058
353.448;0.813281;33.4959
354.564;0.817656;33.5326
355.681;0.82207;33.5693
356.8;0.826484;33.5527
357.919;0.830898;33.6426
359.04;0.835312;33.6259
360.162;0.839766;33.6625
361.286;0.844219;33.699
362.41;0.848672;33.7355
363.536;0.853164;33.8252
364.663;0.857656;33.8084
365.791;0.862188;33.8448
366.92;0.866719;33.8812
368.051;0.87125;33.9176
369.183;0.87582;33.9538
370.316;0.880391;34.0433
371.45;0.885;34.0264
372.585;0.889609;34.0626
373.722;0.894219;34.0987
374.86;0.898867;34.188
375.999;0.903516;34.2241
377.139;0.908164;34.2602
378.28;0.912852;34.2431
379.423;0.917539;34.2791
380.567;0.922266;34.3682
381.712;0.926992;34.351
382.858;0.931719;34.3869
384.005;0.936484;34.4758
385.154;0.94125;34.4586
386.304;0.946055;34.5475
387.455;0.950859;34.5832
388.607;0.955664;34.619
389.76;0.960547;34.6017
390.915;0.965391;34.6373
392.071;0.970273;34.726
393.228;0.975156;34.7086
394.386;0.980039;34.7971
395.545;0.984961;34.7797
396.705;0.989883;34.8671
397.867;0.996289;34.8496
399.029;1.00551;34.8816
400.193;1.01902;34.9528
401.357;1.03828;34.9716
402.521;1.06488;34.9495
403.686;1.10109;34.9546
404.851;1.14754;34.9507
406.014;1.20543;34.9356
407.177;1.27645;34.9363
408.339;1.36082;34.8917
409.498;1.46004;34.8056
410.656;1.575;34.7319
411.81;1.70539;34.6453
412.96;1.85293;34.5453
414.106;2.0166;34.484
415.249;2.19578;34.3458
416.388;2.39113;34.261
417.522;2.60199;34.1786
418.652;2.82949;34.1066
419.776;3.07422;34.0354
420.894;3.33586;33.9647
422.005;3.61465;33.9299
423.109;3.91121;33.8261
424.206;4.22477;33.7515
425.295;4.5552;33.6765
426.375;4.90336;33.626
427.447;5.26793;33.5487
428.511;5.6491;33.4746
429.565;6.04746;33.3982
430.611;6.4618;33.2944
431.647;6.89277;33.2478
432.673;7.33996;33.1435
433.689;7.80316;33.0682
434.695;8.28223;32.9152
435.691;8.77824;32.9152
436.675;9.28844;32.8384
437.649;9.8157;32.7731
438.613;10.3563;32.715
439.567;10.9117;32.7364
440.512;11.4816;32.6565
441.446;12.0658;32.6419
442.37;12.6646;32.6373
443.283;13.2769;32.6413
444.186;13.8998;32.7207
445.08;14.5392;32.6835
445.967;15.1882;32.7014
446.842;15.8512;32.8001
447.709;16.5255;32.777
448.568;17.2105;32.8209
449.419;17.9061;32.8689
450.263;18.611;32.9188
451.101;19.3211;32.9645
451.936;20.0433;33.025
452.769;20.7714;33.0737
453.595;21.5048;33.1284
454.417;22.2452;33.179
455.236;22.9915;33.2234
456.05;23.7447;33.2637
456.858;24.5039;33.2974
457.665;25.2696;33.4079
458.47;26.0404;33.4324
459.274;26.8154;33.4324
460.073;27.5937;33.4781
460.87;28.3774;33.5683
461.665;29.1652;33.5683
462.458;29.9575;33.6137
463.249;30.7536;33.7036
464.038;31.5546;33.7036
464.827;32.3594;33.7472
465.614;33.1663;33.7894
466.399;33.9757;33.8328
467.182;34.7889;33.8728
467.963;35.6061;33.909
468.74;36.428;33.9877
469.513;37.2553;33.9674
470.28;38.0896;33.9914
471.04;38.9327;34.027
471.792;39.7822;33.9885
472.533;40.6393;33.9765
473.265;41.505;33.9509
473.985;42.3793;33.9536
474.695;43.2622;33.871
475.393;44.1532;33.8317
476.082;45.0522;33.8506
476.76;45.9611;33.7669
477.423;46.8797;33.7312
478.075;47.8048;33.69
478.713;48.7382;33.6467
479.333;49.6788;33.6075
479.939;50.6281;33.554
480.529;51.5847;33.4932
481.103;52.549;33.4534
481.662;53.5156;33.3595
482.202;54.4992;33.2616
482.726;55.4856;33.1763
483.227;56.4789;33.0916
483.712;57.4779;33.0018
484.181;58.4818;32.9122
484.632;59.4903;32.8601
485.065;60.507;32.7577
485.479;61.5289;32.6558
485.875;62.5545;32.525
486.252;63.5841;32.4582
486.614;64.6169;32.3549
486.959;65.6528;32.3549
487.287;66.6935;32.3593
487.599;67.7381;32.2686
487.893;68.7867;32.2422
488.17;69.8381;32.224
488.429;70.8913;32.2238
488.673;71.947;32.2303
488.9;73.0058;32.2399
489.113;74.0672;32.2456
489.309;75.1305;32.2497
489.489;76.1957;32.2493
489.655;77.2628;32.2614
489.808;78.3321;32.2883
489.949;79.4036;32.3195
490.079;80.477;32.3539
490.197;81.5524;32.3926
490.305;82.6298;32.4277
490.402;83.7084;32.4585
490.49;84.7892;32.501
490.571;85.8718;32.587
490.645;86.9559;32.587
490.712;88.0417;32.6315
490.775;89.1297;32.7402
490.832;90.2187;32.7201
490.885;91.3097;32.8286
490.935;92.4021;32.8088
490.981;93.496;32.8527
491.026;94.5916;32.8963
491.068;95.6887;32.9392
491.109;96.7868;33.0438
491.148;97.8867;33.0847
491.187;98.9881;33.1066
491.225;100.091;33.1066
491.262;101.195;33.1474
491.299;102.3;33.2278
491.335;103.407;33.2278
491.372;104.515;33.2673
491.408;105.624;33.3066
491.444;106.735;33.385
491.48;107.847;33.385
491.516;108.96;33.4622
491.552;110.074;33.4622
491.589;111.19;33.5008
491.626;112.307;33.5906
491.667;113.425;33.5723
491.712;114.544;33.6494
491.762;115.663;33.6299
491.816;116.784;33.7191
491.873;117.906;33.6967
491.933;119.028;33.7293
491.999;120.151;33.7604
492.071;121.275;33.7858
492.152;122.399;33.8476
492.243;123.523;33.8563
492.343;124.646;33.8186
492.455;125.768;33.8186
492.579;126.889;33.8044
492.715;128.008;33.7829
492.866;129.125;33.7799
493.03;130.24;33.7039
493.211;131.352;33.6565
493.406;132.462;33.6136
493.614;133.569;33.5793
493.837;134.672;33.5527
494.073;135.771;33.5299
494.324;136.867;33.5652
494.589;137.96;33.5043
494.869;139.048;33.5534
495.162;140.132;33.5129
495.472;141.214;33.5129
495.794;142.292;33.5219
496.13;143.363;33.543
496.478;144.43;33.5686
496.837;145.494;33.5967
497.206;146.555;33.6281
497.585;147.613;33.662
497.973;148.669;33.6978
498.37;149.723;33.7732
498.776;150.777;33.7732
499.188;151.829;33.8063
499.605;152.876;33.8454
500.028;153.924;33.8837
500.455;154.971;33.9209
500.885;156.018;34.0174
501.319;157.065;34.0548
501.756;158.112;34.0336
502.195;159.16;34.1066
502.637;160.21;34.1066
503.08;161.26;34.1381
503.525;162.307;34.2019
503.975;163.355;34.2019
504.428;164.401;34.2275
504.884;165.448;34.3168
505.342;166.495;34.3481
505.803;167.542;34.3227
506.268;168.591;34.3539
506.736;169.639;34.3826
507.206;170.685;34.4119
507.679;171.73;34.4419
508.156;172.775;34.5191
508.638;173.819;34.4918
509.126;174.86;34.5106
509.62;175.899;34.5236
510.123;176.934;34.5776
510.634;177.968;34.539
511.151;178.999;34.5496
511.673;180.025;34.5643
512.203;181.05;34.5786
512.74;182.071;34.589
513.286;183.087;34.5952
513.841;184.098;34.5952
514.406;185.104;34.5878
514.984;186.103;34.5697
515.571;187.096;34.5578
516.167;188.084;34.5524
516.771;189.066;34.6041
517.385;190.043;34.5516
518.01;191.012;34.5451
518.644;191.975;34.533
519.29;192.929;34.5137
519.946;193.876;34.5589
520.611;194.818;34.5038
521.286;195.753;34.5071
521.969;196.681;34.5143
522.661;197.603;34.5792
523.361;198.519;34.539
524.071;199.428;34.5508
524.789;200.329;34.6028
525.516;201.224;34.5616
526.253;202.11;34.5941
526.999;202.988;34.5466
527.754;203.858;34.5437
528.517;204.723;34.6049
529.286;205.581;34.6149
530.063;206.434;34.6272
530.848;207.28;34.5986
531.64;208.119;34.5986
532.441;208.951;34.6081
533.25;209.775;34.6645
534.065;210.592;34.6245
534.888;211.404;34.6447
535.716;212.21;34.6651
536.55;213.011;34.6875
537.391;213.806;34.7695
538.238;214.597;34.7397
539.089;215.383;34.7672
539.945;216.165;34.7977
540.807;216.944;34.8274
541.671;217.718;34.858
542.541;218.49;34.8908
543.413;219.26;34.9223
544.289;220.028;34.9549
545.168;220.794;34.9885
546.049;221.558;35.0206
546.932;222.322;35.1092
547.819;223.084;35.0859
548.708;223.843;35.1131
549.602;224.598;35.1833
550.501;225.35;35.1587
551.404;226.096;35.1715
552.314;226.834;35.2198
553.231;227.566;35.1814
554.151;228.293;35.2346
555.079;229.011;35.1872
556.015;229.72;35.1712
556.956;230.419;35.1471
557.907;231.105;35.108
558.865;231.78;35.0848
559.83;232.442;35.0011
560.804;233.089;34.9321
561.785;233.724;34.8503
562.772;234.345;34.8234
563.769;234.951;34.7088
564.771;235.546;34.693
565.78;236.126;34.5947
566.796;236.692;34.5961
567.819;237.244;34.5559
568.847;237.781;34.4821
569.884;238.304;34.4616
570.925;238.813;34.4953
571.972;239.307;34.5007
573.025;239.786;34.4534
574.084;240.253;34.4635
575.147;240.707;34.4852
576.217;241.146;34.508
577.289;241.574;34.5244
578.368;241.987;34.5433
579.453;242.387;34.5505
580.54;242.775;34.5687
581.633;243.152;34.6072
582.73;243.52;34.6433
583.831;243.877;34.6859
584.937;244.223;34.7268
586.047;244.56;34.7619
587.16;244.885;34.7937
588.278;245.199;34.8184
589.399;245.501;34.8363
590.524;245.793;34.864
591.653;246.077;34.8984
592.785;246.353;34.9372
593.92;246.62;34.9791
595.06;246.878;35.0219
596.201;247.128;35.1263
597.347;247.37;35.1145
598.495;247.604;35.2093
599.647;247.828;35.197
600.802;248.046;35.2876
601.956;248.258;35.2876
603.116;248.464;35.3428
604.279;248.666;35.3918
605.442;248.862;35.443
606.609;249.053;35.5539
607.779;249.24;35.5485
608.95;249.423;35.6008
610.124;249.603;35.7116
611.301;249.78;35.7068
612.477;249.953;35.7534
613.658;250.121;35.8028
614.841;250.284;35.844
616.025;250.44;35.881
617.212;250.591;35.9819
618.401;250.739;36.0277
619.592;250.883;36.064
620.785;251.021;36.064
621.981;251.155;36.1108
623.177;251.283;36.1563
624.377;251.407;36.259
625.579;251.526;36.3074
626.782;251.641;36.3022
627.988;251.751;36.3517
629.195;251.858;36.4009
630.405;251.961;36.5065
631.618;252.062;36.5473
632.829;252.16;36.6016
634.042;252.255;36.6519
635.26;252.349;36.7018
636.479;252.441;36.6984
637.699;252.532;36.803
638.921;252.621;36.8533
640.144;252.71;36.8501
641.37;252.797;36.9535
642.597;252.884;37.0034
643.825;252.97;37.0533
645.056;253.056;37.0502
646.288;253.142;37.0998
647.522;253.227;37.1493
648.757;253.312;37.2513
649.994;253.397;37.2485
651.233;253.482;37.2983
652.473;253.567;37.3477
653.715;253.653;37.4492
654.959;253.738;37.4463
656.205;253.824;37.4954
657.451;253.909;37.5442
658.699;253.995;37.5933
659.949;254.081;37.6423
661.2;254.166;37.6919
662.454;254.253;37.7411
663.709;254.339;37.8417
664.966;254.426;37.839
666.224;254.513;37.9392
667.484;254.6;37.9866
668.745;254.689;38.0317
670.007;254.78;38.0293
671.27;254.875;38.1119
672.535;254.977;38.1432
673.8;255.088;38.1652
675.065;255.208;38.1493
676.329;255.339;38.1528
677.591;255.482;38.1426
678.852;255.637;38.1187
680.111;255.805;38.0794
681.368;255.988;38.0517
682.623;256.187;37.947
683.875;256.402;37.9232
685.123;256.632;37.8116
686.368;256.879;37.7523
687.607;257.139;37.6923
688.842;257.415;37.6722
690.072;257.707;37.5746
691.298;258.014;37.5628
692.518;258.339;37.4667
693.733;258.683;37.4689
694.941;259.043;37.3928
696.142;259.418;37.3783
697.336;259.806;37.4266
698.526;260.21;37.3825
699.711;260.628;37.3859
700.89;261.063;37.3975
702.062;261.512;37.4713
703.229;261.979;37.4716
704.389;262.457;37.4716
705.541;262.948;37.5732
706.691;263.452;37.5642
707.837;263.969;37.6094
708.977;264.498;37.6607
710.113;265.039;37.7654
711.245;265.588;37.8248
712.374;266.147;37.8277
713.502;266.714;37.8866
714.627;267.289;37.9462
715.75;267.872;38.0074
716.871;268.462;38.1156
717.99;269.058;38.1152
719.105;269.659;38.1591
720.218;270.268;38.2029
721.33;270.887;38.271
722.438;271.518;38.2579
723.539;272.159;38.2711
724.634;272.811;38.3323
725.724;273.469;38.2979
726.809;274.135;38.3784
727.894;274.811;38.3422
728.974;275.497;38.4153
730.049;276.199;38.3817
731.117;276.911;38.4033
732.174;277.63;38.4354
733.227;278.356;38.4746
734.277;279.092;38.572
735.323;279.839;38.5622
736.363;280.596;38.6094
737.398;281.364;38.6582
738.43;282.141;38.7496
739.452;282.92;38.7551
740.475;283.712;38.8115
741.494;284.51;38.8537
742.505;285.317;38.9362
743.508;286.135;38.9309
744.507;286.963;38.9566
745.499;287.799;38.9828
746.483;288.639;39.0154
747.462;289.491;39.012
748.433;290.351;38.9677
749.394;291.222;38.9679
750.344;292.106;38.8947
751.287;293.001;38.8289
752.217;293.907;38.7565
753.133;294.818;38.6705
754.041;295.743;38.5616
754.932;296.679;38.4782
755.808;297.628;38.321
756.665;298.591;38.1778
757.504;299.573;38.0346
758.318;300.57;37.862
759.103;301.57;37.7932
759.874;302.587;37.6535
760.628;303.611;37.4978
761.361;304.647;37.3863
762.075;305.691;37.2246
762.764;306.762;37.0106
763.434;307.832;36.8584
764.072;308.904;36.7685
764.697;309.986;36.6545
765.304;311.072;36.5705
765.89;312.167;36.4939
766.457;313.267;36.3691
767.005;314.375;36.2593
767.523;315.502;36.0816
768.022;316.629;35.9721
768.487;317.754;35.7305
768.936;318.887;35.7588
769.363;320.023;35.6318
769.771;321.162;35.5565
770.158;322.304;35.431
770.526;323.449;35.3367
770.865;324.605;35.0245
771.185;325.761;35.0245
771.473;326.914;34.963
771.741;328.07;34.8561
771.988;329.226;34.7282
772.215;330.384;34.6286
772.421;331.541;34.5299
772.607;332.699;34.4346
772.772;333.856;34.3423
772.916;335.013;34.2798
773.035;336.171;34.1398
773.133;337.326;34.043
773.206;338.477;33.9657
773.26;339.627;33.8839
773.294;340.775;33.8081
773.307;341.92;33.7674
773.301;343.062;33.664
773.273;344.201;33.5933
773.227;345.336;33.5224
773.158;346.467;33.4414
773.07;347.594;33.3558
772.963;348.714;33.2734
772.836;349.829;33.1897
772.691;350.938;33.0918
772.527;352.04;32.9848
772.344;353.136;32.8672
772.142;354.223;32.741
771.922;355.303;32.563
771.681;356.374;32.4467
771.424;357.435;32.299
771.147;358.485;32.1446
770.853;359.526;31.9814
770.541;360.557;31.8227
770.212;361.577;31.6281
769.865;362.586;31.5003
769.501;363.584;31.3418
769.12;364.57;31.1881
768.721;365.545;31.0085
768.303;366.508;30.8599
767.866;367.456;30.4996
767.415;368.391;30.4996
766.945;369.31;30.3263
766.462;370.215;30.1064
765.963;371.105;29.9245
765.449;371.981;29.7673
764.92;372.842;29.5511
764.377;373.686;29.3876
763.242;375.325;28.976
762.054;376.889;28.4783
760.816;378.377;28.0902
759.531;379.79;27.677
758.203;381.127;27.2882
756.827;382.379;26.6616
755.409;383.548;26.4575
753.957;384.63;26.0957
752.472;385.63;25.8522
750.958;386.551;25.6099
749.417;387.392;25.4643
747.852;388.155;25.3794
746.26;388.836;25.3336
744.651;389.44;25.3468
743.023;389.974;25.4422
741.379;390.444;25.4878
739.72;390.858;25.5943
738.045;391.227;25.7769
736.353;391.561;25.8355
734.651;391.873;26.0247
732.939;392.169;26.1457
731.219;392.458;26.2655
729.49;392.742;26.318
727.754;393.023;26.4356
726.006;393.306;26.5518
724.252;393.59;26.6623
722.492;393.877;26.7731
720.726;394.165;26.9437
718.953;394.454;26.9875
717.175;394.743;27.1568
715.383;395.035;27.2024
713.587;395.33;27.3679
711.786;395.627;27.4089
709.978;395.925;27.5121
708.166;396.222;27.6128
706.346;396.521;27.775
704.511;396.824;27.8146
702.677;397.128;27.9752
700.837;397.435;28.0138
698.992;397.741;28.1106
697.141;398.047;28.2113
695.276;398.364;28.3052
693.413;398.7;28.4253
691.555;399.069;28.4305
689.7;399.468;28.481
687.848;399.893;28.5504
685.991;400.355;28.6508
684.144;400.867;28.6741
682.319;401.432;28.6389
680.509;402.045;28.6324
678.713;402.699;28.6597
676.926;403.4;28.6881
675.156;404.162;28.7195
673.426;404.979;28.6531
671.724;405.851;28.6027
670.053;406.774;28.5507
668.419;407.754;28.38
666.831;408.8;28.0996
665.311;409.898;27.9027
663.842;411.051;27.7175
662.426;412.257;27.5389
661.071;413.516;27.3525
659.786;414.84;27.1035
658.585;416.208;26.8685
657.443;417.619;26.6669
656.364;419.06;26.5289
655.354;420.542;26.4239
654.416;422.06;26.3358
653.559;423.616;26.2247
652.782;425.199;26.1343
652.078;426.805;26.0193
651.445;428.434;26.0197
650.883;430.082;25.9218
650.393;431.747;25.8619
649.973;433.427;25.8055
649.625;435.118;25.7873
649.348;436.819;25.7087
649.133;438.53;25.7258
648.978;440.249;25.8513
648.879;441.976;25.8703
648.833;443.71;25.9761
648.83;445.449;26.0957
648.862;447.196;26.2209
648.92;448.949;26.4159
648.998;450.71;26.4707
649.095;452.477;26.5886
649.201;454.251;26.7095
649.316;456.033;26.8275
649.437;457.823;26.9433
649.563;459.619;27.0573
649.693;461.423;27.1691
649.824;463.235;27.3377
649.957;465.054;27.387
650.092;466.878;27.5509
650.229;468.71;27.5991
650.366;470.548;27.7056
650.496;472.396;27.8049
650.624;474.25;27.9653
650.749;476.111;28.0117
650.871;477.977;28.1137
650.991;479.851;28.2171
651.107;481.733;28.3206
651.221;483.623;28.4226
651.333;485.519;28.5245
651.446;487.42;28.6246
651.559;489.327;28.7273
651.671;491.243;28.8852
651.782;493.168;28.9332
651.894;495.098;29.0335
652.005;497.033;29.1304
652.106;498.974;29.2215
652.185;500.922;29.3257
652.228;502.879;29.3445
652.24;504.84;29.4617
652.225;506.804;29.4721
652.181;508.771;29.5525
652.109;510.744;29.6408
652.005;512.723;29.7786
651.865;514.709;29.7998
651.69;516.688;29.8478
651.477;518.665;29.8841
651.228;520.644;29.9285
650.927;522.619;29.9168
650.751;523.606;29.947
650.561;524.589;29.8936
650.139;526.538;29.841
649.662;528.471;29.7709
649.124;530.387;29.7194
648.524;532.283;29.6104
647.858;534.162;29.573
647.134;536.009;29.5657
646.354;537.83;29.5968
645.514;539.623;29.525
644.611;541.38;29.4689
643.648;543.102;29.3976
642.625;544.785;29.3094
641.545;546.421;29.2469
640.409;548.013;29.1034
639.217;549.556;28.9753
637.975;551.049;28.8363
636.675;552.491;28.6933
635.328;553.875;28.6376
633.936;555.208;28.6145
632.501;556.491;28.6285
631.025;557.725;28.6749
629.507;558.914;28.7371
627.956;560.055;28.7813
626.373;561.147;28.8658
624.761;562.202;28.8686
623.123;563.229;28.9503
621.457;564.225;29.0141
619.772;565.181;29.1193
618.068;566.108;29.19
616.345;567.013;29.2005
614.603;567.898;29.2792
612.845;568.765;29.3524
611.078;569.613;29.4298
609.301;570.451;29.5631
607.514;571.276;29.624
605.708;572.083;29.6192
603.891;572.857;29.6858
602.059;573.599;29.6603
600.213;574.314;29.714
598.352;575.001;29.7922
596.474;575.655;29.7739
594.587;576.275;29.8159
592.688;576.87;29.9261
590.779;577.443;29.927
588.858;577.997;30.0441
587.894;578.269;30.0745
586.931;578.537;30.1049
585.965;578.803;30.0773
584.997;579.067;30.1648
584.028;579.329;30.1372
583.058;579.589;30.1668
582.086;579.848;30.2269
581.113;580.106;30.2844
580.137;580.363;30.313
579.161;580.62;30.3423
578.185;580.877;30.3138
577.207;581.133;30.3427
576.229;581.39;30.3705
575.249;581.646;30.4549
574.269;581.902;30.4828
573.288;582.158;30.5107
572.306;582.414;30.4827
571.321;582.671;30.5108
570.336;582.928;30.5936
569.352;583.185;30.5644
568.366;583.443;30.6472
567.38;583.7;30.6181
566.392;583.958;30.6448
565.405;584.216;30.6715
564.416;584.474;30.7254
563.426;584.732;30.7254
562.434;584.991;30.7525
561.441;585.251;30.7777
560.449;585.51;30.8597
559.456;585.77;30.83
558.462;586.029;30.91
557.467;586.288;30.8804
556.471;586.544;30.9221
555.472;586.796;30.9221
554.472;587.047;30.9472
553.47;587.297;31.0241
552.468;587.545;31.051
551.466;587.79;31.0198
550.461;588.034;31.0989
549.455;588.276;31.0684
548.447;588.515;31.0938
547.438;588.753;31.1187
546.428;588.988;31.199
545.417;589.222;31.1689
544.403;589.454;31.2481
543.39;589.685;31.2176
542.376;589.914;31.2444
541.36;590.144;31.2695
540.343;590.372;31.3499
539.326;590.6;31.3199
538.307;590.827;31.345
537.287;591.053;31.4198
536.265;591.275;31.3894
535.242;591.493;31.4616
534.218;591.709;31.4297
533.193;591.923;31.5093
532.167;592.136;31.5004
531.139;592.347;31.5556
530.11;592.554;31.524
529.08;592.76;31.5715
528.048;592.962;31.5715
527.015;593.163;31.5956
525.981;593.361;31.6748
524.946;593.558;31.6663
523.909;593.751;31.6663
522.871;593.941;31.6852
521.832;594.125;31.744
520.791;594.303;31.7495
519.749;594.472;31.7623
518.705;594.635;31.7223
517.66;594.793;31.7907
516.613;594.946;31.7486
515.565;595.092;31.7625
514.515;595.231;31.8319
513.464;595.364;31.8482
512.411;595.49;31.8117
511.357;595.609;31.8312
510.302;595.723;31.9033
509.246;595.83;31.869
508.189;595.929;31.8827
507.13;596.024;31.9592
506.072;596.115;31.926
505.011;596.201;31.9504
503.949;596.283;31.9724
502.886;596.361;31.9962
501.822;596.435;32.0763
500.757;596.507;32.0664
499.692;596.574;32.1173
498.625;596.636;32.0847
497.558;596.693;32.0991
496.491;596.743;32.1482
495.423;596.783;32.1115
494.352;596.817;32.1746
493.283;596.845;32.1889
492.212;596.868;32.1463
491.14;596.884;32.1601
490.068;596.893;32.175
488.996;596.895;32.2465
487.922;596.89;32.2095
486.85;596.88;32.2842
485.776;596.863;32.2504
484.7;596.841;32.2702
483.625;596.812;32.3392
482.55;596.776;32.3046
481.474;596.735;32.3274
480.397;596.691;32.35
479.32;596.642;32.3729
478.243;596.59;32.3963
477.166;596.534;32.418
476.087;596.475;32.4988
475.007;596.413;32.4673
473.927;596.349;32.5463
472.846;596.281;32.5145
471.766;596.208;32.5335
470.684;596.13;32.5487
469.603;596.048;32.5703
468.521;595.964;32.593
467.44;595.878;32.6705
466.357;595.788;32.6917
465.272;595.694;32.6591
464.188;595.596;32.6794
463.105;595.493;32.6964
462.021;595.383;32.7086
460.937;595.268;32.7282
459.852;595.15;32.7487
458.768;595.028;32.8247
457.683;594.901;32.8406
456.601;594.771;32.8077
455.515;594.637;32.8338
454.428;594.499;32.854
453.343;594.356;32.8743
452.258;594.208;32.8919
451.173;594.053;32.9592
450.088;593.894;32.924
449.003;593.731;32.9446
447.917;593.564;33.0156
446.835;593.394;32.9825
445.749;593.219;33.0582
444.662;593.04;33.0758
443.578;592.855;33.0893
442.494;592.663;33.0971
441.412;592.463;33.0603
440.329;592.256;33.0738
439.248;592.046;33.091
438.166;591.83;33.1093
437.085;591.608;33.1793
436.005;591.378;33.1916
434.926;591.141;33.1543
433.849;590.896;33.1605
432.775;590.641;33.1607
431.703;590.375;33.1528
430.634;590.098;33.1341
429.568;589.81;33.1094
428.508;589.509;33.0766
427.451;589.194;33.0331
426.399;588.867;32.9797
425.354;588.525;32.9168
424.315;588.168;32.8423
423.283;587.798;32.7599
422.259;587.411;32.6948
421.242;587.01;32.5619
420.235;586.593;32.4799
419.236;586.161;32.3311
418.248;585.713;32.2072
417.27;585.249;31.9446
416.303;584.771;31.9446
415.348;584.277;31.8074
414.404;583.768;31.6664
413.472;583.244;31.581
412.551;582.703;31.4061
411.643;582.146;31.1985
410.749;581.576;31.1985
409.868;580.991;31.1261
409.001;580.393;31.0638
408.146;579.78;31.0108
407.304;579.154;30.97
406.474;578.515;30.944
405.656;577.865;30.9187
404.851;577.202;30.9187
404.058;576.522;30.9067
403.278;575.83;30.8929
402.515;575.128;30.9284
401.768;574.413;30.8787
401.032;573.688;30.8641
400.309;572.952;30.8439
399.599;572.207;30.8238
398.901;571.45;30.8004
398.217;570.684;30.8105
397.545;569.905;30.7402
396.887;569.113;30.6984
396.24;568.316;30.661
395.61;567.51;30.715
394.987;566.696;30.6376
394.377;565.874;30.6329
393.778;565.044;30.6352
393.19;564.206;30.6419
392.613;563.36;30.6476
392.049;562.506;30.6498
391.496;561.64;30.6449
390.958;560.769;30.6322
390.432;559.893;30.6964
389.917;559.014;30.7143
389.409;558.128;30.7261
388.908;557.236;30.6795
388.417;556.34;30.7429
387.936;555.438;30.7439
387.466;554.53;30.7367
387.008;553.612;30.682
386.562;552.69;30.6589
386.129;551.766;30.6465
385.709;550.839;30.7141
385.296;549.907;30.7059
384.89;548.971;30.706
384.497;548.031;30.6497
384.112;547.085;30.6844
383.74;546.135;30.6238
383.378;545.176;30.6179
383.025;544.217;30.6209
382.684;543.256;30.6209
382.354;542.292;30.632
382.032;541.326;30.6429
381.718;540.356;30.7161
381.411;539.385;30.6736
381.111;538.41;30.7587
380.816;537.429;30.7393
380.526;536.446;30.7393
380.242;535.461;30.8098
379.966;534.478;30.8193
379.698;533.491;30.7744
379.437;532.504;30.7752
379.186;531.514;30.7732
378.941;530.522;30.8401
378.702;529.527;30.7915
378.467;528.527;30.8051
378.238;527.527;30.8108
378.02;526.525;30.8154
377.811;525.522;30.8057
377.613;524.518;30.8604
377.424;523.512;30.8069
377.241;522.505;30.8148
377.065;521.495;30.8262
376.895;520.482;30.8368
376.733;519.467;30.8497
376.579;518.451;30.9099
376.435;517.435;30.9122
376.3;516.417;30.8648
376.176;515.4;30.8599
376.061;514.382;30.8854
375.958;513.361;30.8762
375.866;512.34;30.8173
375.782;511.317;30.8104
375.707;510.293;30.8107
375.642;509.268;30.8125
375.586;508.243;30.8746
375.54;507.219;30.825
375.502;506.194;30.836
375.473;505.167;30.8508
375.453;504.139;30.8659
375.44;503.11;30.8837
375.434;502.082;30.9027
375.434;501.052;30.9795
375.442;500.023;30.9939
375.458;498.993;30.9561
375.481;497.964;30.9667
375.511;496.933;31.0445
375.544;495.902;31.0672
375.582;494.87;31.0307
375.624;493.837;31.0536
375.671;492.804;31.0761
375.723;491.771;31.1507
375.782;490.737;31.1154
375.847;489.704;31.1735
375.92;488.671;31.1361
376.003;487.637;31.1731
376.094;486.606;31.1292
376.198;485.575;31.1513
376.313;484.546;31.0937
376.439;483.519;31.0645
376.58;482.494;31.0247
376.734;481.472;30.9729
376.902;480.454;30.914
377.085;479.439;30.9073
377.281;478.427;30.804
377.489;477.418;30.8154
377.712;476.413;30.7245
377.949;475.412;30.6914
378.199;474.415;30.6644
378.463;473.423;30.705
378.741;472.434;30.6395
379.031;471.451;30.6344
379.336;470.472;30.6344
379.654;469.498;30.63
379.985;468.53;30.6229
380.33;467.567;30.6132
380.687;466.609;30.6147
381.054;465.654;30.6265
381.431;464.704;30.6463
381.82;463.757;30.6635
382.219;462.815;30.6761
382.629;461.878;30.7307
383.051;460.945;30.7301
383.484;460.018;30.6775
383.928;459.097;30.6775
384.384;458.181;30.6767
384.849;457.269;30.6818
385.322;456.362;30.6973
385.806;455.459;30.7121
386.3;454.56;30.7191
386.804;453.668;30.7672
387.32;452.783;30.7211
387.846;451.902;30.7271
388.379;451.026;30.7434
388.923;450.155;30.7664
389.476;449.288;30.7837
390.037;448.429;30.7966
390.609;447.575;30.8099
391.192;446.727;30.8135
391.782;445.886;30.8902
392.38;445.049;30.8557
392.986;444.215;30.8828
393.599;443.387;30.9111
394.22;442.563;30.9453
394.848;441.743;30.9755
395.484;440.928;31.0009
396.128;440.12;31.0821
396.779;439.315;31.1152
397.435;438.512;31.0912
398.097;437.714;31.1682
398.764;436.918;31.1682
399.437;436.124;31.2616
400.114;435.334;31.2967
400.799;434.549;31.2774
401.49;433.762;31.3184
402.184;432.978;31.3567
402.883;432.197;31.4545
403.584;431.419;31.4939
404.29;430.642;31.4749
404.999;429.868;31.5109
405.714;429.097;31.593
406.434;428.329;31.6296
407.157;427.563;31.6084
407.884;426.798;31.6448
408.619;426.03;31.7315
409.357;425.265;31.7639
410.093;424.506;31.7379
410.833;423.749;31.7716
411.576;422.994;31.8029
412.322;422.239;31.8346
413.07;421.486;31.9207
413.821;420.735;31.8957
414.576;419.987;31.9219
415.335;419.237;31.9797
416.099;418.484;31.9797
416.863;417.735;31.9986
417.624;416.991;32.0286
418.389;416.245;32.1115
419.155;415.501;32.0815
419.924;414.757;32.1085
420.693;414.014;32.1341
421.465;413.273;32.1592
422.241;412.534;32.1811
423.022;411.791;32.2056
423.803;411.049;32.282
424.582;410.311;32.2478
425.364;409.575;32.2692
426.149;408.841;32.2858
426.939;408.111;32.2983
427.732;407.387;32.3055
428.531;406.668;32.3061
429.336;405.954;32.3126
430.148;405.242;32.3222
430.963;404.534;32.3287
431.781;403.833;32.3368
432.604;403.139;32.3599
433.431;402.448;32.3599
434.262;401.762;32.3726
435.098;401.082;32.3869
435.938;400.405;32.4023
436.781;399.733;32.4188
437.63;399.064;32.4366
438.484;398.397;32.4534
439.339;397.735;32.4668
440.195;397.077;32.4848
441.054;396.421;32.5577
441.915;395.767;32.518
442.778;395.114;32.535
443.642;394.463;32.5516
444.508;393.813;32.5685
445.375;393.163;32.5853
446.244;392.514;32.6022
447.116;391.864;32.6179
447.987;391.216;32.6312
448.858;390.569;32.6457
449.729;389.922;32.7162
450.601;389.275;32.674
451.473;388.628;32.6877
452.346;387.981;32.7014
453.219;387.334;32.715
454.093;386.687;32.7837
454.967;386.039;32.7415
455.843;385.39;32.7554
456.72;384.741;32.7653
457.595;384.093;32.789
458.47;383.444;32.789
459.345;382.796;32.7999
460.221;382.148;32.8112
461.097;381.5;32.8219
461.973;380.851;32.8884
462.849;380.202;32.8437
463.725;379.552;32.9049
464.601;378.897;32.8604
465.475;378.24;32.9056
466.342;377.58;32.857
467.205;376.915;32.8477
468.061;376.243;32.8645
468.912;375.563;32.837
469.755;374.875;32.7657
470.59;374.178;32.7593
471.417;373.473;32.718
472.237;372.757;32.6182
473.048;372.032;32.5718
473.848;371.3;32.5321
474.636;370.56;32.5544
475.415;369.811;32.4461
476.184;369.054;32.4461
476.944;368.288;32.4155
477.693;367.513;32.3823
478.433;366.73;32.3748
479.16;365.938;32.2942
479.874;365.131;32.2262
480.575;364.319;32.1598
481.258;363.499;32.0957
481.928;362.67;32.0649
482.587;361.836;31.9656
483.232;360.991;31.9157
483.868;360.141;31.8524
484.487;359.282;31.7935
485.096;358.415;31.7225
485.689;357.541;31.647
486.266;356.656;31.554
486.826;355.764;31.4892
487.367;354.866;31.3982
487.889;353.962;31.2778
488.396;353.051;31.2169
488.888;352.138;31.1003
489.36;351.217;31.0044
489.822;350.29;30.8964
490.262;349.36;30.8317
490.689;348.422;30.6947
491.097;347.479;30.5828
491.486;346.531;30.4568
491.856;345.581;30.3637
492.203;344.627;30.2168
492.533;343.671;30.0951
492.842;342.712;29.9769
493.134;341.751;29.8665
493.662;339.824;29.6351
494.112;337.892;29.41
494.488;335.953;29.1728
494.784;334.019;28.9524
495.004;332.089;28.7855
495.149;330.166;28.5633
495.223;328.251;28.3965
495.215;326.348;28.2358
495.138;324.457;28.1274
494.989;322.581;27.946
494.773;320.723;27.8215
494.488;318.882;27.7261
494.137;317.063;27.5249
493.719;315.265;27.4992
493.237;313.493;27.3603
492.689;311.745;27.2671
492.084;310.022;27.2309
491.423;308.319;27.2488
490.71;306.638;27.2902
489.948;304.979;27.3648
489.144;303.332;27.4502
488.305;301.701;27.6218
487.435;300.078;27.6495
486.541;298.463;27.7384
485.619;296.857;27.8082
484.665;295.268;27.8512
483.676;293.695;27.8903
482.646;292.148;27.8859
481.575;290.626;27.8866
480.468;289.127;27.9766
479.325;287.652;27.9502
478.142;286.206;27.9869
476.923;284.79;28.0253
475.672;283.394;28.1472
474.392;282.023;28.1516
473.079;280.678;28.1925
471.734;279.366;28.208
470.355;278.087;28.271
468.946;276.835;28.2491
467.509;275.61;28.35
466.041;274.417;28.3487
464.549;273.251;28.4573
463.031;272.108;28.497
461.49;270.991;28.5706
459.927;269.899;28.6254
458.34;268.84;28.6566
456.725;267.819;28.6675
455.079;266.842;28.6632
453.41;265.904;28.6783
451.719;265.003;28.7141
450.003;264.142;28.7555
448.262;263.321;28.8199
446.497;262.54;28.9471
444.717;261.793;28.9676
442.921;261.081;29.0285
441.104;260.411;29.0728
439.267;259.791;29.078
437.406;259.228;29.0986
435.536;258.717;29.0939
433.653;258.254;29.0265
431.755;257.854;28.9846
429.847;257.531;28.8536
427.925;257.29;28.7022
426.012;257.125;28.5761
424.1;257.025;28.4882
422.185;256.99;28.4284
420.269;257.031;28.4209
418.356;257.152;28.4007
416.463;257.342;28.4081
414.581;257.593;28.4383
412.708;257.906;28.3854
410.847;258.295;28.3888
409;258.758;28.3782
407.177;259.278;28.3865
405.371;259.85;28.3612
403.582;260.48;28.3971
401.818;261.182;28.3618
400.081;261.955;28.282
398.379;262.783;28.2995
396.7;263.657;28.3365
395.049;264.584;28.3406
393.428;265.567;28.4058
391.832;266.611;28.3851
390.272;267.699;28.4687
388.738;268.827;28.5469
387.231;269.995;28.6679
385.746;271.2;28.7014
384.273;272.444;28.7956
382.83;273.717;28.8758
381.412;275.023;28.9326
380.024;276.364;28.976
378.662;277.739;29.0319
377.336;279.158;29.0473
376.057;280.616;29.0279
374.828;282.113;28.9809
373.646;283.649;28.946
372.509;285.219;28.9479
371.42;286.827;28.9741
370.378;288.464;29.0264
369.379;290.132;29.1008
368.419;291.827;29.2521
367.492;293.546;29.2967
366.591;295.286;29.4084
365.703;297.045;29.5234
364.828;298.814;29.6338
363.958;300.593;29.8009
363.09;302.38;29.8462
362.22;304.173;30.0087
361.784;305.073;30.0607
361.346;305.976;30.1016
360.906;306.879;30.1016
360.463;307.779;30.1471
360.018;308.683;30.2538
359.573;309.587;30.2459
359.125;310.492;30.2949
358.676;311.398;30.343
358.226;312.304;30.3904
357.774;313.211;30.4386
357.321;314.119;30.4869
356.864;315.031;30.5364
356.406;315.944;30.6288
355.947;316.856;30.6847
355.486;317.769;30.6759
355.024;318.682;30.7228
354.561;319.597;30.7689
354.096;320.513;30.8153
353.632;321.43;30.9135
353.167;322.347;30.9054
352.702;323.265;30.9522
352.234;324.187;31.0538
351.765;325.113;31.0896
351.294;326.038;31.0896
350.824;326.962;31.1359
350.352;327.888;31.1823
349.88;328.815;31.2267
349.407;329.744;31.2722
348.934;330.673;31.3149
348.461;331.604;31.4123
347.988;332.534;31.4045
347.514;333.468;31.5058
347.036;334.407;31.4993
346.558;335.346;31.5413
346.079;336.284;31.5867
345.6;337.223;31.6319
345.121;338.164;31.6761
344.64;339.105;31.7202
344.161;340.047;31.7598
343.681;340.99;31.8061
343.201;341.934;31.85
342.72;342.881;31.8971
342.235;343.833;31.9949
341.748;344.785;31.9856
341.261;345.737;32.0263
340.771;346.686;32.0671
340.276;347.635;32.104
339.776;348.582;32.1348
339.273;349.526;32.1578
338.761;350.466;32.1757
338.243;351.404;32.231
337.716;352.338;32.2504
337.179;353.271;32.2133
336.63;354.202;32.2294
336.075;355.127;32.2962
335.51;356.043;32.2641
334.936;356.957;32.2864
334.355;357.865;32.3101
333.767;358.769;32.3364
333.171;359.668;32.4199
332.567;360.564;32.4017
331.954;361.455;32.4289
331.331;362.34;32.45
330.692;363.222;32.4623
330.046;364.096;32.4667
329.39;364.957;32.4652
328.724;365.811;32.4572
328.05;366.657;32.4442
327.366;367.493;32.428
326.674;368.324;32.4121
325.971;369.148;32.455
325.257;369.964;32.393
324.533;370.771;32.3911
323.793;371.571;32.3914
323.045;372.36;32.3931
322.287;373.136;32.409
321.521;373.903;32.4313
320.746;374.661;32.4587
319.963;375.413;32.5231
319.172;376.157;32.5231
318.373;376.894;32.6156
317.566;377.624;32.6518
316.751;378.347;32.6352
315.925;379.064;32.7116
315.091;379.773;32.6878
314.253;380.472;32.7592
313.409;381.163;32.7337
312.56;381.85;32.8269
311.705;382.533;32.8621
310.844;383.211;32.8409
309.978;383.883;32.8744
309.105;384.548;32.9284
308.226;385.206;32.9284
307.339;385.856;32.9461
306.445;386.496;32.9547
305.544;387.127;32.953
304.639;387.747;32.9517
303.726;388.358;32.9517
302.806;388.962;33.0062
301.883;389.559;33.0154
300.951;390.145;33.019
300.013;390.722;33.0135
299.069;391.288;33.0254
298.117;391.843;33.0381
297.159;392.39;32.9979
296.196;392.927;33.017
295.226;393.454;33.0443
294.25;393.972;33.072
293.269;394.481;33.104
292.283;394.98;33.141
291.291;395.472;33.1804
290.293;395.956;33.2215
289.292;396.431;33.26
288.285;396.898;33.296
287.273;397.356;33.3259
286.256;397.805;33.3506
285.234;398.247;33.4433
284.209;398.683;33.4834
283.18;399.113;33.4684
282.146;399.537;33.5123
281.109;399.956;33.6023
280.068;400.368;33.6023
279.023;400.776;33.6496
277.975;401.178;33.697
276.923;401.577;33.7944
275.869;401.971;33.7944
274.811;402.363;33.8434
273.751;402.749;33.9407
272.687;403.131;33.9328
271.619;403.507;34.0261
270.549;403.88;34.0169
269.476;404.25;34.0649
268.401;404.617;34.167
267.322;404.98;34.1591
266.241;405.341;34.2073
265.157;405.698;34.2551
264.071;406.052;34.3031
262.982;406.404;34.4064
261.891;406.754;34.4004
260.797;407.101;34.5035
259.701;407.447;34.4979
258.603;407.791;34.5466
257.503;408.133;34.5951
256.401;408.475;34.6442
255.297;408.816;34.6928
254.191;409.156;34.7952
253.083;409.495;34.8437
251.973;409.835;34.8385
250.862;410.174;34.8865
249.749;410.513;34.9353
248.634;410.852;34.9834
247.518;411.191;35.0797
246.4;411.53;35.1326
245.28;411.869;35.1276
244.159;412.209;35.1754
243.036;412.548;35.2235
241.912;412.889;35.2712
240.786;413.229;35.319
239.658;413.57;35.3669
238.529;413.911;35.4144
237.399;414.253;35.4621
236.266;414.594;35.5088
235.132;414.932;35.5531
233.994;415.266;35.6467
232.855;415.599;35.6408
231.714;415.931;35.6868
230.57;416.261;35.7327
229.425;416.589;35.7786
228.277;416.915;35.8244
227.127;417.237;35.8707
225.974;417.558;35.9171
224.819;417.876;35.9636
223.662;418.191;36.0578
222.503;418.505;36.1096
221.342;418.817;36.1048
220.178;419.127;36.1525
219.013;419.436;36.2518
217.846;419.743;36.2994
216.676;420.05;36.295
215.505;420.355;36.3943
214.333;420.66;36.3899
213.158;420.964;36.4376
211.982;421.268;36.485
210.804;421.572;36.5325
209.624;421.875;36.58
208.442;422.178;36.6272
207.259;422.481;36.6748
206.075;422.785;36.7693
204.889;423.088;36.8212
203.701;423.391;36.8168
202.511;423.695;36.9156
201.32;423.999;36.9629
200.128;424.303;36.9585
198.934;424.607;37.0056
197.738;424.912;37.0527
196.541;425.217;37.0999
195.342;425.522;37.1469
194.142;425.828;37.2455
192.94;426.134;37.2411
191.737;426.44;37.2876
190.532;426.747;37.3817
189.326;427.054;37.3817
188.118;427.361;37.4801
186.909;427.669;37.4757
185.698;427.977;37.5224
184.486;428.286;37.5693
183.272;428.594;37.6162
182.057;428.903;37.7141
180.84;429.213;37.7097
179.621;429.523;37.8062
178.401;429.831;37.8018
177.178;430.138;37.8455
175.954;430.44;37.8852
174.726;430.737;37.9194
173.497;431.03;37.9995
172.265;431.32;38.0513
171.031;431.606;38.0402
169.794;431.889;38.0798
168.555;432.166;38.1201
167.313;432.438;38.2118
166.069;432.705;38.2034
164.822;432.966;38.2967
163.573;433.224;38.2898
162.322;433.476;38.3337
161.068;433.725;38.3795
159.812;433.97;38.4246
158.554;434.211;38.5217
157.293;434.448;38.517
156.031;434.683;38.5636
154.766;434.915;38.6616
153.5;435.145;38.6572
152.232;435.372;38.7012
150.961;435.594;38.7432
149.688;435.815;38.7894
148.414;436.033;38.8357
147.137;436.25;38.8823
145.859;436.464;38.9799
144.579;436.677;38.975
143.296;436.887;39.0214
142.013;437.095;39.0675
140.727;437.302;39.115
139.439;437.507;39.1611
138.15;437.71;39.2057
136.858;437.908;39.2474
135.565;438.101;39.2846
134.269;438.291;39.3278
132.972;438.479;39.3716
131.673;438.664;39.4144
130.371;438.845;39.4589
129.068;439.023;39.5525
127.763;439.197;39.546
126.455;439.367;39.5908
125.146;439.532;39.6322
123.834;439.691;39.6697
122.521;439.844;39.7396
121.207;439.988;39.7273
119.89;440.122;39.7853
118.571;440.249;39.7616
117.251;440.367;39.8358
115.928;440.478;39.8091
114.604;440.58;39.8828
113.278;440.674;39.8594
111.951;440.758;39.9356
110.623;440.833;39.9178
109.292;440.899;39.951
107.96;440.956;39.9855
106.627;441.004;40.0231
105.292;441.044;40.0621
103.956;441.076;40.1029
102.619;441.101;40.145
101.28;441.118;40.2334
99.9403;441.129;40.2334
98.5986;441.133;40.3192
97.2563;441.129;40.3525
95.9128;441.117;40.3416
94.5687;441.095;40.3652
93.2235;441.065;40.4486
91.8771;441.03;40.4323
90.5299;440.988;40.4684
89.1811;440.939;40.5062
87.8312;440.882;40.5439
86.4807;440.819;40.5834
85.1291;440.748;40.6243
83.7766;440.67;40.666
82.4232;440.586;40.7089
81.0688;440.496;40.7527
79.7135;440.4;40.7971
78.357;440.299;40.8878
76.9996;440.193;40.8878
75.6409;440.083;40.9339
74.2812;439.968;40.9801
72.9203;439.85;41.0265
71.5582;439.729;41.1252
70.1945;439.604;41.1714
68.83;439.477;41.1661
67.4641;439.348;41.213
66.0967;439.216;41.2595
64.728;439.083;41.3058
63.3578;438.949;41.3522
61.9862;438.813;41.3984
60.6133;438.676;41.4445
59.2386;438.538;41.4906
57.8632;438.399;41.536
56.4857;438.26;41.582
55.107;438.12;41.6274
53.7267;437.98;41.673
52.3449;437.839;41.7183
50.9617;437.697;41.7634
49.5765;437.556;41.8088
48.1906;437.414;41.8529
46.8034;437.272;41.8983
45.4141;437.13;41.9935
44.0236;436.988;41.9876
42.6313;436.845;42.0323
41.2377;436.702;42.0766
39.8421;436.56;42.1213
38.4459;436.417;42.1647
37.0484;436.274;42.2095
35.6489;436.129;42.2525
34.2488;435.981;42.2927
32.8476;435.829;42.3293
31.446;435.671;42.3591
30.0429;435.508;42.3938
28.6402;435.341;42.4789
27.2369;435.17;42.5126
25.832;434.994;42.4966
24.4275;434.81;42.5261
23.0228;434.617;42.5888
21.6188;434.414;42.5661
20.2164;434.201;42.6172
18.8133;433.977;42.5843
17.4133;433.747;42.6009
16.0113;433.508;42.6192
14.6114;433.259;42.6598
13.2118;433;42.7079
11.8132;432.731;42.7314
10.4162;432.452;42.7101
9.0186;432.163;42.7398
7.62597;431.867;42.7691
6.23038;431.562;42.8037
4.83769;431.248;42.838
3.44491;430.926;42.8756
2.05276;430.596;42.9139
0.661717;430.258;42.953
-0.728895;429.912;42.9891
-2.1185;429.557;43.0187
-3.50499;429.193;43.0427
-4.8899;428.82;43.0594
-6.272;428.437;43.0667
-7.65149;428.042;43.0598
-9.02746;427.634;43.0665
-10.4014;427.209;43.0023
-11.767;426.775;42.9582
-13.1285;426.323;42.9145
-14.483;425.858;42.8308
-15.8309;425.376;42.7033
-17.1709;424.878;42.6039
-18.5029;424.362;42.4532
-19.8262;423.825;42.0645
-21.1365;423.275;42.0788
-22.4334;422.703;41.8645
-23.7203;422.116;41.6405
-24.9944;421.513;41.3999
-26.2555;420.894;41.1363
-27.5029;420.258;40.8391
-28.7334;419.599;40.4708
-29.9429;418.926;40.1464
-31.134;418.238;39.8238
-32.3087;417.536;39.4903
-33.4661;416.82;39.141
-34.6059;416.091;38.7815
-35.7264;415.349;38.3561
-36.8288;414.592;37.958
-37.9074;413.816;37.5642
-38.9588;413.032;37.1934
-39.9885;412.235;36.7849
-40.9962;411.432;36.327
-41.9786;410.611;35.8495
-42.9362;409.78;35.4204
-43.875;408.937;34.9457
-44.7732;408.077;34.4682
-45.6467;407.213;34.0387
-46.4948;406.341;33.6459
-47.3197;405.461;33.2636
-48.1206;404.573;32.8842
-48.8973;403.679;32.5466
-49.6498;402.778;32.2131
-50.3779;401.871;31.8968
-51.0792;400.954;31.5611
-51.7441;400.024;31.1122
-52.3766;399.093;30.8259
-52.9769;398.159;30.5701
-53.5542;397.221;30.3767
-54.1084;396.279;30.2076
-54.6398;395.333;30.0647
-55.1487;394.383;29.945
-55.6282;393.422;29.8778
-56.0796;392.456;29.6112
-56.5058;391.5;29.483
-56.9042;390.538;29.3876
-57.2808;389.574;29.317
-57.6363;388.608;29.3334
-57.9714;387.64;29.2478
-58.2855;386.671;29.2362
-58.5784;385.7;29.1723
-58.8407;384.724;29.1723
-59.0844;383.75;29.1083
-59.4985;381.81;29.0885
-59.8303;379.866;29.1865
-60.1053;377.92;29.3482
-60.3479;375.966;29.5499
-60.581;374.011;29.5859
-60.8203;372.057;29.613
-61.0796;370.103;29.6886
-61.3692;368.152;29.6387
-61.6893;366.206;29.6608
-62.0383;364.263;29.6898
-62.4184;362.325;29.7134
-62.8327;360.393;29.7177
-63.2867;358.471;29.6951
-63.7849;356.562;29.6521
-64.3249;354.666;29.6818
-64.9026;352.778;29.6093
-65.5223;350.904;29.6595
-66.1852;349.046;29.6004
-66.8963;347.208;29.5696
-67.6559;345.393;29.5176
-68.4592;343.598;29.4803
-69.3044;341.82;29.474
-70.192;340.066;29.5107
-71.1246;338.335;29.5134
-72.0974;336.625;29.5334
-73.1052;334.934;29.5194
-74.1535;333.266;29.6058
-75.2349;331.617;29.6111
-76.3439;329.98;29.7393
-77.4807;328.356;29.7589
-78.6392;326.743;29.8391
-79.8252;325.142;29.9096
-81.0391;323.559;29.9563
-82.2889;322;29.9742
-82.9271;321.23;29.9855
-83.5734;320.465;30.0014
-84.2269;319.705;30.0229
-84.8883;318.951;30.0452
-85.5577;318.202;30.0698
-86.236;317.461;30.0919
-86.9232;316.727;30.1103
-87.6199;316.002;30.1235
-88.3242;315.283;30.1475
-89.0356;314.57;30.1777
-89.7541;313.862;30.2101
-90.4793;313.16;30.2445
-91.2111;312.463;30.3387
-91.9491;311.772;30.3593
-92.6928;311.084;30.3593
-93.4419;310.401;30.4001
-94.1961;309.721;30.4967
-94.9554;309.045;30.4799
-95.7201;308.374;30.5142
-96.4905;307.709;30.5441
-97.267;307.049;30.5685
-98.0501;306.396;30.5859
-98.8391;305.749;30.6114
-99.633;305.105;30.7005
-100.432;304.466;30.6744
-101.236;303.831;30.7071
-102.046;303.203;30.7366
-102.862;302.581;30.7614
-103.684;301.964;30.7956
-104.51;301.352;30.8869
-105.341;300.744;30.8664
-106.177;300.141;30.9034
-107.017;299.542;30.9415
-107.861;298.946;30.9803
-108.709;298.354;31.0197
-109.561;297.765;31.0597
-110.416;297.178;31.0992
-111.274;296.593;31.1393
-112.134;296.01;31.1795
-112.997;295.429;31.2195
-113.862;294.848;31.2595
-114.73;294.268;31.2994
-115.599;293.689;31.3392
-116.47;293.11;31.4331
-117.344;292.532;31.4165
-118.221;291.957;31.4518
-119.101;291.385;31.5385
-119.983;290.814;31.5764
-120.867;290.244;31.6134
-121.754;289.676;31.5949
-122.643;289.109;31.632
-123.535;288.544;31.7241
-124.429;287.98;31.7063
-125.326;287.418;31.7437
-126.225;286.857;31.8353
-127.127;286.298;31.8174
-128.029;285.74;31.91
-128.935;285.182;31.8923
-129.842;284.627;31.927
-130.753;284.074;31.9594
-131.667;283.525;31.9877
-132.586;282.982;32.05
-133.509;282.445;32.027
-134.437;281.914;32.0495
-135.367;281.387;32.073
-136.301;280.865;32.1004
-137.239;280.347;32.1261
-138.182;279.835;32.1528
-139.128;279.328;32.1813
-140.079;278.827;32.2645
-141.033;278.332;32.2419
-141.992;277.841;32.2747
-142.953;277.355;32.3071
-143.918;276.874;32.3423
-144.886;276.396;32.4329
-145.856;275.92;32.4147
-146.828;275.445;32.4531
-147.801;274.968;32.4895
-148.773;274.488;32.5219
-149.745;274.007;32.5584
-150.719;273.524;32.6483
-151.692;273.039;32.627
-152.666;272.551;32.6606
-153.639;272.06;32.6941
-154.611;271.565;32.7823
-155.583;271.066;32.7623
-156.554;270.564;32.8511
-157.524;270.059;32.832
-158.494;269.55;32.9212
-159.464;269.038;32.9027
-160.434;268.523;32.9388
-161.404;268.005;32.9748
-162.373;267.486;33.0109
-163.343;266.964;33.0475
-164.314;266.44;33.0838
-165.284;265.914;33.1202
-166.256;265.387;33.1568
-167.227;264.858;33.193
-168.2;264.328;33.2837
-169.173;263.796;33.2661
-170.147;263.264;33.3024
-171.121;262.73;33.339
-172.097;262.196;33.3754
-173.074;261.66;33.4117
-174.051;261.124;33.4481
-175.029;260.587;33.5383
-176.009;260.05;33.5209
-176.989;259.511;33.5572
-177.971;258.972;33.6472
-178.953;258.433;33.6299
-179.936;257.892;33.6661
-180.921;257.352;33.7026
-181.907;256.81;33.7922
-182.893;256.268;33.7749
-183.881;255.725;33.8647
-184.87;255.182;33.8475
-185.859;254.638;33.8835
-186.85;254.094;33.9199
-187.842;253.547;33.955
-188.832;252.998;33.9878
-189.822;252.445;34.0171
-190.809;251.886;34.0414
-191.794;251.32;34.0581
-192.773;250.746;34.0642
-193.748;250.163;34.0619
-194.717;249.57;34.0482
-195.679;248.966;34.0215
-196.634;248.351;33.9931
-197.582;247.727;33.9654
-198.525;247.092;33.9434
-199.459;246.447;33.923
-200.387;245.791;33.9065
-201.306;245.124;33.895
-202.216;244.446;33.8892
-203.119;243.758;33.8892
-204.013;243.059;33.8948
-204.899;242.349;33.9059
-205.776;241.63;33.922
-206.647;240.901;33.9427
-207.509;240.163;33.9674
-208.365;239.416;34.0494
-209.215;238.661;34.0267
-210.058;237.898;34.0602
-210.896;237.128;34.0957
-211.729;236.352;34.1326
-212.558;235.569;34.1707
-213.383;234.781;34.2097
-214.205;233.988;34.2492
-215.024;233.191;34.289
-215.841;232.39;34.3291
-216.657;231.585;34.3692
-217.471;230.777;34.4092
-218.285;229.966;34.4491
-219.096;229.152;34.4864
-219.906;228.334;34.5206
-220.712;227.512;34.576
-221.513;226.684;34.6162
-222.31;225.85;34.5935
-223.102;225.01;34.6166
-223.89;224.166;34.6425
-224.676;223.317;34.7238
-225.456;222.463;34.6948
-226.233;221.603;34.7758
-227.004;220.738;34.8038
-227.771;219.867;34.8301
-228.531;218.99;34.8058
-229.286;218.107;34.8281
-230.033;217.217;34.8449
-230.773;216.32;34.8548
-231.504;215.416;34.856
-232.228;214.505;34.9169
-232.945;213.589;34.933
-233.656;212.666;34.8958
-234.361;211.737;34.9148
-235.058;210.803;34.9361
-235.749;209.862;34.9598
-236.432;208.915;34.9858
-237.108;207.962;35.0091
-237.776;207.003;35.0282
-238.435;206.037;35.0418
-239.085;205.065;35.0486
-239.727;204.087;35.0641
-240.363;203.104;35.0877
-240.993;202.116;35.1125
-241.616;201.122;35.1391
-242.232;200.124;35.1676
-242.841;199.12;35.1931
-243.442;198.11;35.2144
-244.034;197.095;35.2301
-244.616;196.074;35.2389
-245.189;195.047;35.2391
-245.752;194.015;35.2463
-246.308;192.978;35.2602
-246.857;191.936;35.2779
-247.398;190.889;35.2972
-247.93;189.837;35.3187
-248.455;188.78;35.3967
-248.971;187.718;35.4196
-249.479;186.652;35.3925
-249.978;185.581;35.4118
-250.47;184.505;35.496
-250.955;183.426;35.4717
-251.434;182.342;35.5037
-251.906;181.255;35.537
-252.373;180.165;35.5715
-252.835;179.07;35.6068
-253.292;177.973;35.6429
-253.744;176.873;35.735
-254.193;175.77;35.7693
-254.637;174.664;35.7503
-255.076;173.555;35.7803
-255.509;172.443;35.8058
-255.935;171.327;35.8253
-256.352;170.208;35.8367
-256.762;169.084;35.9082
-257.166;167.958;35.875
-257.565;166.829;35.8974
-257.956;165.696;35.9199
-258.34;164.56;35.9436
-258.717;163.421;35.9688
-259.087;162.278;35.9957
-259.449;161.132;36.0243
-259.805;159.983;36.0543
-260.155;158.831;36.0857
-260.498;157.676;36.1183
-260.836;156.519;36.2029
-261.168;155.359;36.1821
-261.492;154.196;36.253
-261.809;153.031;36.2293
-262.118;151.862;36.2438
-262.416;150.691;36.25
-262.704;149.517;36.2452
-262.981;148.34;36.2442
-263.249;147.161;36.2462
-263.509;145.978;36.2536
-263.76;144.793;36.2613
-264;143.606;36.2711
-264.23;142.416;36.2837
-264.449;141.223;36.2994
-264.658;140.028;36.3183
-264.858;138.831;36.3401
-265.048;137.632;36.4176
-265.228;136.431;36.3916
-265.401;135.227;36.4208
-265.565;134.022;36.4517
-265.721;132.815;36.4842
-265.871;131.606;36.5179
-266.013;130.396;36.5481
-266.147;129.183;36.574
-266.273;127.97;36.6359
-266.389;126.755;36.6089
-266.495;125.538;36.6148
-266.589;124.321;36.6419
-266.671;123.103;36.5969
-266.74;121.884;36.5736
-266.796;120.665;36.5504
-266.84;119.445;36.529
-266.873;118.224;36.5669
-266.893;117.003;36.5002
-266.901;115.782;36.4898
-266.895;114.56;36.4838
-266.875;113.339;36.4826
-266.843;112.118;36.4864
-266.798;110.898;36.4951
-266.74;109.678;36.5084
-266.67;108.459;36.5261
-266.587;107.24;36.5418
-266.491;106.023;36.5957
-266.382;104.806;36.5601
-266.26;103.591;36.5596
-266.124;102.378;36.5804
-265.975;101.168;36.5313
-265.81;99.9594;36.506
-265.632;98.7538;36.4733
-265.439;97.5506;36.4932
-265.233;96.3497;36.4774
-265.015;95.1507;36.409
-264.784;93.9542;36.3996
-264.539;92.7603;36.3948
-264.281;91.5693;36.3951
-264.01;90.3813;36.4007
-263.726;89.1963;36.4113
-263.429;88.0143;36.4267
-263.12;86.8356;36.4405
-262.797;85.6606;36.4506
-262.461;84.4895;36.4554
-262.112;83.3228;36.4883
-261.749;82.1607;36.4428
-261.372;81.0037;36.4221
-260.982;79.852;36.3957
-260.577;78.706;36.3622
-260.159;77.5651;36.3828
-259.728;76.429;36.3108
-259.285;75.2974;36.299
-258.83;74.1706;36.2878
-258.362;73.0492;36.2878
-257.881;71.9331;36.291
-257.387;70.8231;36.2891
-256.88;69.7196;36.2823
-256.359;68.6228;36.2823
-255.825;67.5334;36.2688
-255.278;66.4517;36.2471
-254.716;65.3781;36.191
-254.142;64.312;36.191
-253.556;63.2528;36.1753
-252.958;62.1996;36.1718
-252.348;61.153;36.2287
-251.727;60.1132;36.2347
-251.095;59.0801;36.1903
-250.451;58.0538;36.2064
-249.797;57.0341;36.2271
-249.132;56.0214;36.2944
-248.455;55.016;36.2606
-247.768;54.0182;36.2699
-247.069;53.0284;36.2722
-246.36;52.047;36.2661
-245.639;51.0745;36.2277
-244.906;50.1112;36.2707
-244.163;49.1563;36.2109
-243.41;48.2091;36.2009
-242.647;47.2689;36.2009
-241.874;46.3363;36.2038
-241.092;45.4117;36.2109
-240.299;44.4952;36.2784
-239.497;43.5866;36.238
-238.686;42.6859;36.2579
-237.866;41.7928;36.3341
-237.036;40.9078;36.3029
-236.198;40.0313;36.32
-235.35;39.1635;36.3315
-234.493;38.3048;36.3358
-233.628;37.4538;36.3496
-232.756;36.6087;36.3735
-231.876;35.77;36.3993
-230.989;34.9377;36.4273
-230.096;34.1117;36.4576
-229.196;33.2915;36.4899
-228.289;32.477;36.5592
-227.376;31.6677;36.5592
-226.458;30.8632;36.6533
-225.535;30.0629;36.6331
-224.607;29.2665;36.671
-223.675;28.4734;36.7095
-222.738;27.6833;36.7481
-221.797;26.8967;36.7834
-220.852;26.1143;36.8629
-219.901;25.3368;36.8409
-218.945;24.5652;36.861
-217.984;23.7977;36.8883
-217.019;23.0329;36.9198
-216.05;22.2716;36.9506
-215.077;21.5142;37.0342
-214.099;20.762;37.0089
-213.114;20.0159;37.0316
-212.124;19.2768;37.0481
-211.128;18.5457;37.0568
-210.125;17.8237;37.0556
-209.115;17.112;37.0419
-208.097;16.4111;37.0189
-207.072;15.722;36.9845
-206.039;15.0455;36.9762
-205;14.3812;36.8888
-203.952;13.7288;36.8425
-202.899;13.0878;36.804
-201.838;12.4592;36.8151
-200.77;11.8445;36.7728
-199.694;11.2445;36.6889
-198.612;10.6598;36.6905
-197.524;10.0891;36.6097
-196.429;9.53219;36.5869
-195.328;8.9891;36.5709
-194.22;8.45992;36.562
-193.107;7.94461;36.6076
-191.989;7.44355;36.5542
-190.864;6.95711;36.5542
-189.735;6.48547;36.546
-188.6;6.02879;36.5646
-187.46;5.58746;36.539
-186.316;5.16172;36.5091
-185.167;4.75156;36.4446
-184.014;4.35598;36.4163
-182.857;3.9741;36.3975
-181.695;3.6048;36.3916
-180.529;3.24867;36.3907
-179.36;2.90656;36.389
-178.187;2.5791;36.4276
-177.01;2.26664;36.3751
-175.83;1.96957;36.3939
-174.647;1.6882;36.3655
-173.462;1.42297;36.3014
-172.273;1.17277;36.2746
-171.083;0.936641;36.257
-169.889;0.713437;36.2521
-168.693;0.503633;36.252
-167.495;0.307383;36.3136
-166.295;0.124609;36.268
-165.093;-0.0441797;36.2775
-163.889;-0.198672;36.2838
-162.683;-0.340977;36.3036
-161.476;-0.471406;36.3271
-160.266;-0.590234;36.4119
-159.056;-0.698086;36.4427
-157.843;-0.795508;36.4762
-156.629;-0.883203;36.4533
-155.414;-0.961836;36.4904
-154.197;-1.03227;36.5289
-152.979;-1.09402;36.5636
-151.76;-1.14688;36.654
-150.539;-1.19375;36.6325
-149.317;-1.23496;36.6715
-148.093;-1.27078;36.7108
-146.868;-1.30168;36.7504
-145.642;-1.32809;36.849
-144.414;-1.35055;36.8299
-143.185;-1.36949;36.8695
-141.955;-1.38535;36.909
-140.723;-1.39855;37.0062
-139.49;-1.40945;36.9873
-138.256;-1.4184;37.0834
-137.021;-1.4257;37.0645
-135.784;-1.43168;37.1026
-134.546;-1.43648;37.1405
-133.307;-1.44035;37.2342
-132.066;-1.44348;37.2152
-130.824;-1.44605;37.3079
-129.581;-1.44809;37.2888
-128.337;-1.4498;37.3805
-127.092;-1.45121;37.3614
-125.845;-1.45242;37.3973
-124.598;-1.45348;37.4877
-123.349;-1.45445;37.4685
-122.099;-1.45535;37.5581
-120.847;-1.45625;37.593
-119.595;-1.45711;37.5738
-118.341;-1.45801;37.6086
-117.086;-1.45887;37.6969
-115.831;-1.45977;37.6777
-114.574;-1.45918;37.711
-113.316;-1.45578;37.7955
-112.056;-1.4523;37.7759
-110.796;-1.44813;37.8629
-109.535;-1.44281;37.8431
-108.272;-1.43621;37.8764
-107.008;-1.4282;37.9627
-105.744;-1.41875;37.9429
-104.478;-1.40785;37.9762
-103.211;-1.39566;38.062
-101.943;-1.38223;38.0424
-100.674;-1.36762;38.1281
-99.4035;-1.35191;38.1086
-98.1322;-1.3352;38.1745
-96.8599;-1.31762;38.1745
-95.5864;-1.29926;38.2074
-94.3119;-1.2802;38.2403
-93.0363;-1.26055;38.3255
-91.7596;-1.24031;38.3582
-90.4818;-1.21961;38.3385
-89.203;-1.19852;38.3711
-87.923;-1.17707;38.4559
-86.642;-1.15535;38.4884
-85.3599;-1.13336;38.5208
-84.0768;-1.11113;38.501
-82.7925;-1.08875;38.5334
-81.5072;-1.06617;38.5657
-80.2208;-1.04352;38.6499
-78.9334;-1.02074;38.6301
-77.6448;-0.997891;38.7142
-76.3553;-0.974961;38.6943
-75.0646;-0.951953;38.7584
-73.7729;-0.928906;38.7584
-72.4801;-0.90582;38.8423
-71.1862;-0.882656;38.8223
-69.8913;-0.859492;38.8542
-68.5953;-0.836289;38.886
-67.2983;-0.813086;38.9496
-66.0002;-0.789844;38.9496
-64.701;-0.766523;38.9813
-63.4008;-0.743242;39.0648
-62.0995;-0.719922;39.0762
-60.7972;-0.696562;39.0762
-59.4938;-0.673203;39.1078
-58.1894;-0.649805;39.1393
-56.8839;-0.626367;39.1708
-55.5774;-0.602891;39.2023
-54.2698;-0.579414;39.2337
-52.9612;-0.555937;39.3168
-51.6516;-0.532422;39.3481
-50.3409;-0.508867;39.3278
-49.0291;-0.485273;39.3591
-47.7163;-0.46168;39.3904
-46.4025;-0.438047;39.4216
-45.0876;-0.414375;39.5043
-43.7717;-0.390664;39.4839
-42.4548;-0.366953;39.515
-41.1368;-0.343203;39.5462
-39.8178;-0.319375;39.5772
-38.4977;-0.295547;39.6082
-37.1767;-0.27168;39.6392
-35.8545;-0.247812;39.6702
-34.5314;-0.223906;39.7011
-33.2072;-0.199961;39.732
-31.882;-0.175977;39.7629
-30.5558;-0.151953;39.7937
-29.2285;-0.12793;39.8246
-27.9002;-0.103867;39.8554
-26.5709;-0.0797656;39.8861
-25.2406;-0.055625;39.9682
-23.9093;-0.0314453;39.9989
-22.5769;-0.00726563;39.9782
-21.2435;0.0169531;40.0088
-19.9091;0.0412109;40.0394
-18.5736;0.0655078;40.1213
-17.2372;0.0898438;40.1005
-15.8997;0.11418;40.131
-14.5612;0.138555;40.1615
-13.2217;0.162969;40.2432
-11.8812;0.187422;40.2223
-10.5397;0.211914;40.304
-9.19717;0.236445;40.2831
-7.85363;0.260977;40.3134
-6.50907;0.285547;40.3437
-5.16351;0.310156;40.374
-3.81694;0.334805;40.4042
-2.46936;0.359453;40.4344
