1.03751;7.8125e-05;2.54536
2.08759;7.8125e-05;2.9198
3.17585;0.000234375;3.57752
4.19607;0.000585937;3.99662
5.32285;0.000859375;4.49693
6.42217;0.00117187;5.00475
7.4631;0.00136719;5.43054
8.61746;0.00144531;5.95921
9.66139;0.00175781;6.32627
10.7235;0.00230469;6.45873
11.841;0.00347656;6.92218
13.0714;0.00367187;7.79127
14.1303;0.00453125;8.12937
15.2524;0.00484375;8.60774
16.4366;0.00515625;9.16062
17.6807;0.00558594;9.50227
18.9827;0.00605469;10.036
19.9962;0.00652344;10.3434
21.0407;0.00703125;10.6481
22.1154;0.00753906;10.848
23.2199;0.00808594;11.2414
24.3537;0.00867188;11.5309
25.5163;0.00941406;11.8163
26.7073;0.0100781;12.0978
27.9263;0.0108984;12.3761
29.1731;0.0117188;12.6511
30.4473;0.0126172;12.9234
31.7485;0.0135156;13.1863
33.0745;0.0144922;13.3975
34.4193;0.0153906;13.4396
35.7632;0.0164062;13.4779
37.1031;0.0173438;13.3237
38.4194;0.0183984;13.0457
39.7188;0.0193359;12.9207
41.0078;0.0204297;12.8544
42.2919;0.0214453;12.8313
43.5747;0.0225781;12.8315
44.859;0.0236719;12.8671
46.1482;0.0248828;12.9119
47.4464;0.0260937;13.0637
48.7535;0.0274219;13.1012
50.0613;0.0286719;13.09
51.375;0.03;13.2447
52.7226;0.0312891;13.684
54.1021;0.0327734;13.8984
55.5134;0.0343359;14.3178
56.9556;0.0359766;14.5231
58.4282;0.0376562;14.9257
59.9307;0.0394531;15.2286
60.9487;0.040625;15.3184
61.9796;0.041875;15.5112
63.0232;0.043125;15.7018
64.0754;0.0443359;15.7822
65.1266;0.0455859;15.7744
66.1769;0.046875;15.8636
67.2384;0.0481641;16.0707
68.3134;0.0494531;16.1706
69.4017;0.0508594;16.3711
70.5031;0.0522266;16.6636
71.6173;0.0536328;16.852
72.7438;0.0551172;16.944
73.8826;0.0566016;17.2245
75.0333;0.0581641;17.3044
76.1957;0.0597266;17.565
77.3695;0.0613281;17.7343
78.5545;0.0629687;17.9004
79.7506;0.0646094;17.9822
80.9575;0.0663281;18.2241
82.175;0.0680469;18.3821
83.403;0.0698047;18.4602
84.6414;0.0716016;18.6914
85.89;0.0733984;18.7675
87.1487;0.0752734;18.9929
88.4173;0.0771484;19.0671
89.6958;0.0791016;19.2145
90.9841;0.0810547;19.3604
92.282;0.083125;19.5769
93.5863;0.0851562;19.5576
94.8893;0.0871875;19.5471
96.1911;0.0891797;19.6128
97.5018;0.0912109;19.7767
98.8231;0.0933594;19.9338
100.155;0.0954687;20.0935
101.496;0.0976563;20.2377
102.847;0.0998828;20.3669
104.207;0.102148;20.5101
105.576;0.104453;20.6297
106.953;0.106797;20.6928
108.339;0.10918;20.8165
109.733;0.111602;21.006
111.134;0.114023;21.0547
112.544;0.116523;21.2271
113.961;0.119023;21.3398
115.383;0.121602;21.3166
116.803;0.124219;21.2944
118.222;0.126797;21.285
119.641;0.129375;21.3135
121.062;0.132031;21.3414
122.485;0.134687;21.3929
123.913;0.137344;21.4557
125.344;0.140078;21.5373
126.781;0.142812;21.6073
128.223;0.145547;21.703
129.671;0.148359;21.7844
131.124;0.151172;21.88
132.585;0.154062;21.9795
134.052;0.156953;22.0821
135.526;0.159922;22.1875
137.007;0.162891;22.2955
138.492;0.165937;22.2727
139.977;0.168984;22.2609
141.459;0.172031;22.3091
142.949;0.175156;22.4578
144.448;0.17832;22.5816
145.956;0.181523;22.7111
147.472;0.184727;22.8365
148.997;0.188008;22.8979
150.529;0.191289;23.077
152.07;0.194648;23.1929
153.618;0.198008;23.2498
155.174;0.201445;23.4175
156.736;0.204883;23.4723
158.307;0.208359;23.6345
159.884;0.211875;23.6878
161.469;0.21543;23.8571
163.06;0.219023;23.9498
164.658;0.222695;24.0528
166.264;0.226367;24.1549
167.876;0.230117;24.2057
169.494;0.233906;24.3068
171.12;0.237734;24.4072
172.752;0.241563;24.5569
174.391;0.245469;24.656
176.036;0.249375;24.7547
177.688;0.253359;24.8648
179.346;0.257344;24.9511
181.011;0.261406;25.0487
182.683;0.265469;25.1461
184.361;0.269609;25.1946
186.045;0.273828;25.3519
187.736;0.278047;25.4365
189.434;0.282344;25.5448
191.137;0.286641;25.6409
192.848;0.291016;25.7247
194.564;0.295469;25.8203
196.287;0.299961;25.928
198.016;0.304492;25.9633
199.752;0.309023;26.1059
201.494;0.313633;26.1533
203.242;0.318242;26.2953
204.997;0.32293;26.3898
206.758;0.327617;26.484
208.525;0.332383;26.5781
210.298;0.337187;26.672
212.078;0.342031;26.7657
213.864;0.346953;26.8592
215.656;0.351875;26.9525
217.454;0.356875;27.0457
219.259;0.361953;27.0922
221.07;0.367031;27.2315
222.887;0.372187;27.3242
224.71;0.377383;27.4166
226.539;0.382656;27.5089
228.375;0.387969;27.6143
230.216;0.393281;27.693
232.064;0.398672;27.7848
233.918;0.404141;27.8765
235.778;0.409609;27.9679
237.644;0.415156;28.0592
239.516;0.420703;28.1048
241.394;0.426328;28.2412
243.278;0.432031;28.2867
245.168;0.437734;28.4226
247.065;0.443516;28.5131
248.967;0.449375;28.6033
250.876;0.455234;28.6935
252.79;0.461172;28.7973
254.71;0.467187;28.8283
256.637;0.473242;28.9628
258.569;0.479336;29.0522
260.507;0.485508;29.0969
262.451;0.49168;29.2306
264.402;0.49793;29.3337
266.358;0.504258;29.4083
268.32;0.510586;29.4969
270.288;0.516992;29.5997
272.261;0.523477;29.6737
274.241;0.529961;29.7177
276.227;0.536523;29.8497
278.218;0.543164;29.9375
280.215;0.549805;30.0251
281.216;0.553164;30.0835
282.218;0.556523;30.1272
283.222;0.559883;30.1709
284.227;0.563242;30.2146
285.234;0.566602;30.2582
286.242;0.569961;30.287
287.252;0.57332;30.3453
288.263;0.576641;30.374
289.275;0.58;30.4174
290.289;0.583359;30.4174
291.304;0.586719;30.4608
292.321;0.590039;30.5041
293.339;0.593398;30.5474
294.359;0.596758;30.5907
295.38;0.600117;30.6339
296.403;0.603477;30.7202
297.427;0.606914;30.7202
298.452;0.610312;30.8064
299.479;0.61375;30.8646
300.507;0.617266;30.851
301.535;0.620781;30.851
302.563;0.624297;30.8177
303.59;0.627852;30.8177
304.617;0.631406;30.7841
305.643;0.635039;30.834
306.67;0.638633;30.8565
307.699;0.642266;30.9091
308.729;0.645938;30.932
309.76;0.649609;30.9849
310.792;0.653281;31.0079
311.826;0.656992;31.0459
312.861;0.660703;31.084
313.897;0.664453;31.1371
314.934;0.668203;31.1221
315.973;0.671953;31.1602
317.013;0.675742;31.2365
318.054;0.679531;31.2746
319.096;0.68332;31.3128
320.14;0.687109;31.351
321.185;0.690937;31.3892
322.232;0.694766;31.4274
323.279;0.698594;31.4656
324.328;0.702461;31.4656
325.378;0.706328;31.5038
326.43;0.710195;31.5955
327.482;0.714102;31.6183
328.536;0.718008;31.6564
329.591;0.721953;31.6945
330.648;0.725898;31.7327
331.706;0.729844;31.7327
332.765;0.733828;31.7707
333.825;0.737812;31.8469
334.886;0.741797;31.8849
335.949;0.745781;31.9229
337.013;0.749805;31.9609
338.079;0.753828;31.9989
339.145;0.757852;32.0368
340.213;0.761914;32.0748
341.282;0.765977;32.1284
342.353;0.770039;32.1505
343.424;0.774141;32.1505
344.497;0.778242;32.2262
345.571;0.782344;32.2262
346.647;0.786484;32.3017
347.724;0.790625;32.3394
348.802;0.794805;32.3394
349.881;0.798984;32.4148
350.961;0.803164;32.4684
352.043;0.807383;32.49
353.126;0.811602;32.49
354.21;0.815859;32.5651
355.296;0.820156;32.6026
356.382;0.824414;32.6562
357.47;0.828711;32.6937
358.56;0.833008;32.6775
359.65;0.837344;32.7149
360.742;0.84168;32.8059
361.835;0.846016;32.827
362.929;0.850391;32.8643
364.024;0.854766;32.8643
365.121;0.859141;32.955
366.219;0.863555;32.9759
367.318;0.867969;32.9759
368.419;0.872383;33.0666
369.52;0.876836;33.0873
370.623;0.881289;33.1244
371.727;0.885742;33.1244
372.833;0.890234;33.1984
373.939;0.894727;33.1984
375.047;0.899219;33.2353
376.156;0.90375;33.3091
377.266;0.908281;33.346
378.378;0.912812;33.3994
379.491;0.917383;33.4196
380.605;0.921953;33.4196
381.72;0.926562;33.4564
382.836;0.931172;33.5464
383.954;0.93582;33.5831
385.073;0.940469;33.6198
386.193;0.945117;33.6397
387.314;0.949805;33.6762
388.437;0.954531;33.7295
389.56;0.959258;33.7493
390.685;0.963984;33.7857
391.812;0.96875;33.8389
392.939;0.973516;33.8754
394.068;0.978281;33.8949
395.197;0.983086;33.9481
396.328;0.987891;33.9675
397.461;0.992695;34.0205
398.594;0.997617;34.0401
399.728;1.00285;34.0762
400.864;1.00879;34.0762
402.001;1.0157;34.1641
403.139;1.02434;34.1816
404.278;1.03543;34.2138
405.418;1.04984;34.2441
406.559;1.06875;34.2925
407.701;1.09258;34.2973
408.844;1.12227;34.3419
409.987;1.15953;34.3175
411.131;1.20523;34.3377
412.274;1.26039;34.3377
413.418;1.32668;34.3363
414.56;1.40437;34.2974
415.702;1.49492;34.2974
416.841;1.59922;34.1992
417.978;1.71707;34.1241
419.112;1.85023;34.0289
420.241;1.99855;34.0289
421.366;2.16234;33.7899
422.485;2.34262;33.6459
423.599;2.53922;33.4929
424.705;2.75219;33.4929
425.805;2.98242;33.1526
426.896;3.22969;32.9569
427.979;3.49383;32.7601
429.052;3.77488;32.7601
430.116;4.07402;32.3474
431.17;4.38934;32.3474
432.212;4.72289;32.1326
433.245;5.07363;31.9305
434.265;5.44164;31.7199
435.274;5.82687;31.3011
436.27;6.22961;31.0974
437.253;6.64855;31.0974
438.223;7.08512;30.8959
439.18;7.53801;30.7055
440.122;8.00754;30.3129
441.05;8.49352;30.1333
441.963;8.99535;29.96
442.861;9.51293;29.96
443.743;10.0462;29.6399
444.61;10.5948;29.6641
445.461;11.1577;29.3573
446.295;11.7365;29.227
447.113;12.3292;29.1131
447.913;12.9366;29.0093
448.698;13.5573;29.0093
450.217;14.8389;28.8453
451.67;16.1712;28.6729
453.059;17.5486;28.6219
454.38;18.9702;28.4433
455.634;20.4313;28.4739
456.832;21.9319;28.5125
457.986;23.4659;28.6986
459.106;25.0329;28.8467
460.212;26.6139;28.974
461.326;28.1959;29.0076
462.465;29.764;29.0525
463.64;31.3093;29.0415
464.853;32.8269;29.0129
466.106;34.3096;28.9926
467.397;35.759;29.0113
468.726;37.1772;29.0704
470.088;38.5679;29.1161
471.477;39.9396;29.2866
472.876;41.3064;29.3785
474.269;42.6879;29.4106
475.634;44.098;29.3834
476.96;45.5445;29.3869
478.241;47.0317;29.1736
479.468;48.5567;29.0418
480.637;50.1169;28.914
481.749;51.7103;28.799
482.802;53.338;28.685
483.792;55.0008;28.5992
484.713;56.6889;28.5437
485.575;58.4011;28.5264
486.376;60.1414;28.4722
487.114;61.9055;28.4527
487.789;63.6861;28.4394
488.407;65.4856;28.4728
488.967;67.3027;28.4056
489.467;69.1366;28.4415
489.908;70.9816;28.3826
490.292;72.8398;28.3636
490.619;74.7083;28.4132
490.89;76.5853;28.3643
491.104;78.4698;28.3782
491.265;80.3608;28.4155
491.378;82.2574;28.4714
491.446;84.1591;28.5065
491.476;86.0658;28.6547
491.477;87.9777;28.7343
491.459;89.8956;28.8479
491.43;91.8193;28.942
491.4;93.7486;28.9692
491.375;95.6839;29.0539
491.36;97.6243;29.1757
491.355;99.5706;29.2559
491.362;101.522;29.2952
491.38;103.479;29.415
491.409;105.441;29.4962
491.447;107.408;29.5762
491.492;109.38;29.6728
491.544;111.357;29.6969
491.602;113.339;29.8181
491.665;115.327;29.9128
491.736;117.319;29.9908
491.815;119.316;30.0536
491.859;120.317;30.0905
491.906;121.318;30.1274
491.957;122.321;30.1628
492.012;123.324;30.1628
492.072;124.329;30.2275
492.139;125.334;30.2566
492.212;126.34;30.2822
492.292;127.346;30.2822
492.38;128.352;30.3076
492.477;129.359;30.348
492.583;130.366;30.3927
492.699;131.373;30.3701
492.827;132.378;30.3745
492.966;133.383;30.4166
493.118;134.385;30.3762
493.281;135.386;30.3666
493.457;136.385;30.3561
493.646;137.381;30.346
493.847;138.375;30.389
494.062;139.366;30.3195
494.291;140.354;30.3006
494.537;141.339;30.3006
494.795;142.321;30.2612
495.069;143.296;30.2612
495.358;144.266;30.2331
495.659;145.232;30.2205
495.974;146.193;30.2693
496.303;147.149;30.2099
496.644;148.101;30.2107
496.999;149.048;30.2155
497.366;149.99;30.2242
497.749;150.929;30.2748
498.142;151.862;30.2913
498.547;152.788;30.2848
498.962;153.711;30.2848
499.387;154.63;30.3785
499.82;155.547;30.3562
500.261;156.461;30.3989
500.708;157.373;30.4449
501.16;158.284;30.5386
501.615;159.195;30.5386
502.074;160.109;30.5841
502.533;161.023;30.6229
502.99;161.936;30.697
503.446;162.853;30.7292
503.9;163.771;30.7602
504.35;164.692;30.7904
504.797;165.616;30.7904
505.24;166.543;30.8521
505.68;167.473;30.8848
506.118;168.407;30.9165
506.552;169.344;30.9495
506.983;170.282;30.9847
507.412;171.221;30.9847
507.84;172.162;31.0544
508.267;173.104;31.0889
508.694;174.048;31.1222
509.122;174.993;31.1779
509.552;175.938;31.1543
509.985;176.882;31.239
510.423;177.828;31.2134
510.864;178.772;31.2606
511.311;179.713;31.313
511.762;180.653;31.3012
512.22;181.59;31.3184
512.684;182.525;31.3356
513.154;183.458;31.351
513.631;184.387;31.3649
514.116;185.314;31.4148
514.609;186.237;31.4255
515.111;187.157;31.386
515.621;188.071;31.3987
516.14;188.98;31.4032
516.667;189.885;31.4501
517.203;190.785;31.4057
517.749;191.679;31.4546
518.304;192.568;31.4086
518.868;193.451;31.4558
519.441;194.328;31.4549
520.025;195.198;31.4056
520.619;196.062;31.3993
521.222;196.919;31.3963
521.835;197.769;31.3934
522.458;198.612;31.3934
523.09;199.448;31.4396
523.732;200.276;31.3891
524.383;201.097;31.3945
525.043;201.911;31.3997
525.712;202.717;31.4508
526.39;203.517;31.4145
527.077;204.309;31.4235
527.773;205.093;31.4342
528.476;205.871;31.4474
529.188;206.641;31.4617
529.908;207.405;31.4617
530.636;208.162;31.4772
531.37;208.913;31.5505
532.112;209.657;31.5707
532.861;210.396;31.5371
533.616;211.128;31.6156
534.378;211.855;31.5842
535.145;212.577;31.6336
535.919;213.294;31.661
536.698;214.005;31.6877
537.483;214.712;31.7424
538.272;215.414;31.7443
539.067;216.112;31.7736
539.867;216.807;31.8041
540.671;217.497;31.8368
541.479;218.184;31.87
542.291;218.869;31.903
543.106;219.55;31.9378
543.925;220.229;31.9735
544.747;220.907;32.0086
545.572;221.583;32.0443
546.399;222.258;32.1024
547.228;222.932;32.1174
548.06;223.606;32.1527
548.891;224.28;32.2106
549.725;224.955;32.2261
550.56;225.63;32.2808
551.396;226.305;32.2606
552.233;226.981;32.298
553.072;227.658;32.3859
553.911;228.333;32.4033
554.754;229.008;32.4033
555.6;229.681;32.4676
556.448;230.352;32.4976
557.3;231.019;32.4976
558.157;231.683;32.5431
559.018;232.341;32.5621
559.885;232.993;32.5621
560.758;233.639;32.5748
561.637;234.277;32.5814
562.522;234.906;32.5754
563.415;235.526;32.5754
564.315;236.136;32.5616
565.221;236.735;32.5196
566.135;237.322;32.4871
567.056;237.899;32.4535
567.982;238.462;32.4141
568.918;239.011;32.3644
569.86;239.548;32.3175
570.807;240.071;32.3175
571.763;240.578;32.2161
572.725;241.073;32.2509
573.692;241.553;32.119
574.666;242.016;32.065
575.646;242.466;32.065
576.63;242.9;31.973
577.62;243.317;31.9232
578.617;243.719;31.8832
579.616;244.105;31.8472
580.622;244.474;31.8087
581.633;244.828;31.8087
582.646;245.166;31.7662
583.665;245.486;31.75
584.689;245.792;31.7452
585.714;246.082;31.7538
586.745;246.356;31.7612
587.78;246.615;31.7612
588.816;246.86;31.8081
589.857;247.089;31.8081
590.901;247.305;31.8797
591.948;247.508;31.9392
592.998;247.698;31.9766
594.052;247.876;32.0386
595.108;248.044;32.0927
596.167;248.203;32.1571
597.229;248.353;32.2187
598.293;248.496;32.2828
599.36;248.633;32.3468
600.431;248.764;32.4013
601.501;248.893;32.4663
602.575;249.019;32.5279
603.652;249.144;32.5849
604.729;249.268;32.644
605.809;249.391;32.7022
606.891;249.515;32.7595
607.975;249.639;32.7595
609.061;249.764;32.873
610.148;249.891;32.932
611.238;250.018;32.9831
612.328;250.146;32.9831
613.42;250.276;33.0942
614.516;250.406;33.1484
615.611;250.537;33.1484
616.709;250.668;33.2579
617.809;250.799;33.2579
618.91;250.929;33.3117
620.013;251.059;33.4194
621.12;251.187;33.4681
622.226;251.315;33.5227
623.334;251.44;33.5735
624.446;251.563;33.6264
625.559;251.683;33.6733
626.674;251.801;33.6733
627.791;251.914;33.722
628.91;252.024;33.818
630.031;252.13;33.8653
631.155;252.231;33.8653
632.281;252.328;33.9623
633.406;252.422;34.0079
634.535;252.51;34.0079
635.667;252.595;34.1044
636.799;252.676;34.1549
637.934;252.754;34.2054
639.071;252.827;34.257
640.209;252.898;34.257
641.349;252.966;34.3625
642.491;253.032;34.3613
643.635;253.096;34.4665
644.781;253.159;34.5187
645.929;253.222;34.5706
647.078;253.284;34.6238
648.229;253.347;34.6737
649.381;253.41;34.7253
650.535;253.475;34.7761
651.691;253.541;34.827
652.849;253.609;34.8776
654.008;253.678;34.9282
655.169;253.749;34.9282
656.331;253.822;35.0309
657.494;253.896;35.0804
658.659;253.972;35.1313
659.826;254.048;35.1831
660.994;254.127;35.2345
662.165;254.206;35.2856
663.337;254.287;35.2856
664.511;254.368;35.388
665.686;254.45;35.388
666.863;254.533;35.4906
668.04;254.616;35.5418
669.22;254.699;35.5409
670.401;254.782;35.5919
671.585;254.866;35.6947
672.77;254.951;35.7449
673.958;255.037;35.7948
675.146;255.125;35.8434
676.335;255.216;35.89
677.526;255.31;35.9334
678.718;255.408;35.9334
679.91;255.512;36.0102
681.103;255.623;36.0398
682.297;255.742;36.0785
683.492;255.871;36.0978
684.686;256.011;36.1095
685.878;256.163;36.0712
687.07;256.328;36.0712
688.259;256.505;36.0389
689.446;256.694;36.0124
690.631;256.897;35.9739
691.813;257.114;35.9221
692.994;257.348;35.9221
694.169;257.599;35.8006
695.339;257.867;35.7332
696.504;258.153;35.6641
697.663;258.453;35.5987
698.816;258.768;35.5296
699.963;259.099;35.4501
701.105;259.446;35.3658
702.24;259.811;35.2734
703.367;260.196;35.3057
704.485;260.598;35.2174
705.594;261.018;35.1089
706.693;261.452;35.0775
707.784;261.902;34.9248
708.868;262.368;34.9248
709.943;262.851;34.8172
711.008;263.351;34.7745
712.064;263.867;34.7745
713.11;264.401;34.7826
714.145;264.947;34.7209
715.167;265.512;34.7228
716.184;266.09;34.7357
717.192;266.684;34.7624
718.188;267.293;34.8007
719.177;267.916;34.8518
720.157;268.55;34.8518
721.13;269.194;34.9896
722.1;269.85;35.001
723.067;270.515;35.1433
724.026;271.189;35.1643
724.982;271.872;35.2522
725.936;272.561;35.3905
726.887;273.251;35.4854
727.838;273.945;35.5499
728.793;274.643;35.6242
729.752;275.343;35.6242
730.713;276.044;35.7481
731.675;276.743;35.8038
732.638;277.44;35.8663
733.601;278.136;35.8663
734.568;278.835;35.9911
735.538;279.537;36.067
736.508;280.241;36.1308
737.479;280.951;36.1902
738.451;281.666;36.2348
739.418;282.381;36.2883
740.381;283.101;36.3343
741.345;283.829;36.3722
742.305;284.565;36.407
743.259;285.311;36.4381
744.209;286.068;36.4878
745.156;286.836;36.4872
746.096;287.608;36.5219
747.025;288.386;36.5219
747.954;289.174;36.5863
748.875;289.972;36.6372
749.79;290.778;36.6205
750.698;291.595;36.6878
751.603;292.421;36.7189
752.503;293.256;36.7535
753.392;294.097;36.7895
754.271;294.948;36.8155
755.146;295.809;36.8572
756.011;296.679;36.8381
756.866;297.56;36.8609
757.711;298.458;36.8937
758.549;299.373;36.8476
759.37;300.288;36.8333
760.176;301.213;36.8333
760.977;302.145;36.8164
761.764;303.086;36.7426
762.541;304.039;36.7426
763.302;305.002;36.596
764.049;305.99;36.5081
764.779;306.983;36.4314
765.482;307.98;36.4569
766.172;308.989;36.2207
766.846;310.005;36.2428
767.504;311.028;35.9809
768.145;312.058;35.853
768.769;313.096;35.6788
769.372;314.144;35.4317
769.95;315.209;35.452
770.506;316.277;35.0597
771.029;317.348;35.0597
771.534;318.426;34.7048
772.019;319.508;34.7048
772.484;320.595;34.5493
772.927;321.686;34.1723
773.347;322.781;33.9508
773.74;323.883;33.7139
774.109;324.989;33.5167
774.45;326.094;33.5167
774.765;327.198;33.1933
775.059;328.304;33.2188
775.331;329.41;32.8822
775.581;330.517;32.8822
775.809;331.623;32.5927
776.016;332.729;32.4585
776.2;333.833;32.4585
776.358;334.938;32.3463
776.494;336.04;32.064
776.606;337.138;31.9585
776.695;338.234;31.8542
776.763;339.326;31.8798
776.81;340.415;31.7555
776.835;341.5;31.5716
776.838;342.581;31.5716
776.82;343.658;31.4006
776.781;344.73;31.3277
776.722;345.797;31.2545
776.64;346.86;31.2545
776.538;347.917;31.1182
776.416;348.968;31.1475
776.273;350.013;31.003
776.111;351.052;30.949
775.93;352.085;30.949
775.73;353.111;30.8516
775.511;354.131;30.8848
775.275;355.144;30.7637
775.019;356.152;30.7169
774.744;357.153;30.6751
774.452;358.146;30.6518
774.139;359.127;30.6518
773.809;360.105;30.588
773.462;361.073;30.5591
773.098;362.034;30.5591
772.717;362.987;30.506
772.318;363.932;30.4847
771.904;364.868;30.5298
771.472;365.797;30.5057
771.025;366.716;30.4882
770.56;367.627;30.4016
770.079;368.528;30.3823
769.583;369.42;30.3712
769.071;370.3;30.3558
768.544;371.172;30.3381
768.005;372.034;30.3127
767.452;372.887;30.2612
766.887;373.728;30.1694
766.311;374.558;30.0321
765.723;375.375;29.9038
765.122;376.177;29.6116
763.894;377.729;29.1258
762.635;379.214;28.6135
761.348;380.632;28.0623
760.036;381.982;27.6301
758.7;383.262;27.2913
757.333;384.47;26.6294
755.938;385.602;26.3074
754.519;386.656;25.9198
753.074;387.64;25.7255
751.6;388.553;25.5486
750.101;389.394;25.3112
748.585;390.163;25.0033
747.051;390.853;24.8626
745.509;391.466;24.4933
743.957;392.005;24.3891
742.397;392.472;24.1138
740.828;392.866;23.9595
739.254;393.191;23.8285
737.673;393.443;23.7153
736.087;393.624;23.7128
734.503;393.738;23.6787
732.915;393.8;23.7609
731.325;393.82;23.8708
729.728;393.817;23.988
728.129;393.814;23.9709
726.528;393.834;23.9175
724.931;393.89;23.8442
723.344;393.986;23.8108
721.762;394.121;23.754
720.185;394.294;23.762
718.612;394.499;23.8062
717.042;394.731;23.8738
715.465;394.985;23.9106
713.888;395.253;24.0336
712.307;395.528;24.119
710.722;395.804;24.2092
709.131;396.078;24.255
707.536;396.35;24.4066
705.927;396.623;24.5141
704.309;396.897;24.6108
702.693;397.173;24.5955
701.078;397.449;24.5768
699.465;397.724;24.6444
697.846;397.999;24.7053
696.214;398.276;24.9112
694.568;398.559;25.0467
692.921;398.846;25.158
691.268;399.141;25.2823
689.612;399.448;25.3766
687.952;399.773;25.4784
686.285;400.123;25.5651
684.615;400.509;25.6366
682.958;400.931;25.6907
681.307;401.393;25.7318
679.667;401.898;25.7739
678.037;402.443;25.8175
676.411;403.038;25.841
674.801;403.68;25.874
673.217;404.371;25.9287
671.651;405.108;25.9555
670.106;405.891;25.9757
668.585;406.718;25.9818
667.083;407.607;25.9524
665.622;408.544;25.9807
664.2;409.532;25.868
662.816;410.57;25.8245
661.473;411.659;25.806
660.176;412.799;25.7223
658.928;413.999;25.6867
657.744;415.243;25.6348
656.611;416.529;25.5455
655.527;417.858;25.5111
654.512;419.224;25.4095
653.552;420.628;25.3275
652.656;422.071;25.2759
651.828;423.548;25.1812
651.07;425.053;25.1514
650.377;426.585;25.0452
649.751;428.142;24.9865
649.195;429.72;24.9778
648.706;431.317;24.8909
648.287;432.93;24.8326
647.938;434.557;24.8599
647.658;436.194;24.7732
647.447;437.839;24.7519
647.305;439.49;24.7439
647.231;441.145;24.7416
647.223;442.801;24.7462
647.28;444.457;24.8022
647.396;446.114;24.9143
647.563;447.771;24.9463
647.775;449.431;25.0832
648.018;451.094;25.3169
648.281;452.764;25.4661
648.547;454.443;25.6012
648.807;456.132;25.7244
649.053;457.831;25.784
649.281;459.54;25.9649
649.491;461.259;26.0158
649.684;462.989;26.1917
649.862;464.728;26.2517
650.028;466.476;26.4293
650.185;468.231;26.4893
650.334;469.995;26.6681
650.478;471.769;26.7853
650.615;473.551;26.9012
650.746;475.341;27.0199
650.872;477.138;27.1331
650.993;478.942;27.2433
651.109;480.755;27.3003
651.218;482.578;27.4705
651.323;484.408;27.5268
651.425;486.245;27.6969
651.525;488.088;27.7505
651.626;489.938;27.8639
651.726;491.798;28.0367
651.827;493.668;28.1447
651.928;495.542;28.2548
652.032;497.422;28.365
652.137;499.309;28.4777
652.24;501.205;28.5883
652.333;503.112;28.6905
652.412;505.024;28.7847
652.472;506.942;28.8668
652.508;508.864;28.9554
652.514;510.794;28.9735
652.481;512.73;29.033
652.404;514.673;29.1104
652.284;516.612;29.1337
652.126;518.549;29.2158
651.93;520.488;29.2721
651.688;522.427;29.3303
651.395;524.369;29.406
651.055;526.302;29.4299
650.674;528.228;29.4734
650.25;530.146;29.4901
649.774;532.056;29.5085
649.237;533.952;29.3938
648.642;535.826;29.3388
647.994;537.67;29.2068
647.295;539.486;28.9642
646.539;541.269;28.857
645.723;543.01;28.5306
644.84;544.708;28.2762
643.902;546.35;27.9173
642.911;547.944;27.6898
641.866;549.49;27.5789
640.767;550.982;27.3086
639.611;552.421;27.145
638.403;553.801;27.1082
637.147;555.12;26.9508
635.847;556.383;26.8889
634.506;557.592;26.8699
633.122;558.747;26.8148
631.698;559.849;26.8393
630.238;560.896;26.6872
628.751;561.88;26.5675
627.238;562.808;26.5182
625.695;563.685;26.5566
624.122;564.514;26.5787
622.517;565.299;26.6917
620.896;566.042;26.7385
619.255;566.756;26.9073
617.597;567.449;27.0234
615.928;568.132;27.153
614.245;568.816;27.2545
612.563;569.506;27.2807
610.88;570.205;27.3694
609.196;570.916;27.5001
607.51;571.638;27.5898
605.817;572.371;27.6732
604.125;573.109;27.7574
602.428;573.847;27.8586
600.722;574.576;27.8688
599.005;575.289;27.9606
597.27;575.981;27.9994
595.524;576.642;28.0268
593.764;577.268;28.0441
591.989;577.857;28.0474
590.198;578.405;28.0633
588.392;578.914;28.0827
586.576;579.384;28.1532
584.749;579.822;28.219
582.913;580.233;28.2976
581.067;580.628;28.3788
579.213;581.019;28.4785
577.358;581.413;28.5181
575.501;581.818;28.5787
573.643;582.238;28.6391
571.784;582.675;28.7006
569.924;583.129;28.7336
568.065;583.596;28.859
566.204;584.075;28.8642
564.341;584.56;28.9639
562.473;585.052;29.0289
560.602;585.546;29.0936
558.728;586.042;29.1573
556.851;586.539;29.2215
554.968;587.035;29.286
553.079;587.53;29.3465
551.187;588.022;29.3756
549.289;588.51;29.4682
547.385;588.99;29.5272
545.474;589.461;29.5851
543.557;589.921;29.6407
541.634;590.369;29.6962
539.704;590.805;29.7836
537.767;591.23;29.8113
535.824;591.644;29.8399
533.875;592.049;29.9297
531.921;592.446;29.9587
529.961;592.837;30.0182
528.98;593.031;30.0776
527.997;593.222;30.1062
527.012;593.411;30.1347
526.026;593.598;30.1347
525.039;593.782;30.1912
524.05;593.964;30.25
523.06;594.143;30.2777
522.068;594.319;30.2734
521.075;594.492;30.3315
520.08;594.661;30.3249
519.084;594.826;30.3497
518.086;594.987;30.4069
517.087;595.144;30.3578
516.088;595.295;30.3229
515.089;595.441;30.2847
514.09;595.582;30.2471
513.091;595.716;30.2471
512.094;595.845;30.2576
511.094;595.967;30.2375
510.094;596.084;30.2375
509.092;596.194;30.3051
508.089;596.299;30.2846
507.086;596.396;30.3365
506.081;596.487;30.3186
505.074;596.572;30.3705
504.066;596.651;30.3348
503.058;596.723;30.3721
502.048;596.79;30.4259
501.038;596.85;30.4125
500.026;596.906;30.4342
499.014;596.956;30.4568
498;597.001;30.4568
496.987;597.042;30.4786
495.972;597.078;30.5255
494.956;597.11;30.5493
493.938;597.138;30.5715
492.921;597.163;30.5956
491.902;597.182;30.5956
490.882;597.198;30.6395
489.862;597.21;30.6604
488.841;597.217;30.7138
487.819;597.219;30.6986
486.799;597.217;30.6986
485.775;597.21;30.7203
484.751;597.197;30.7542
483.727;597.178;30.8073
482.703;597.153;30.8237
481.678;597.122;30.7872
480.652;597.084;30.8026
479.627;597.039;30.8721
478.601;596.989;30.8516
477.575;596.931;30.8672
476.55;596.869;30.8909
475.523;596.8;30.9097
474.495;596.726;30.9331
473.468;596.647;30.9588
472.44;596.564;30.9842
471.412;596.476;31.0104
470.383;596.385;31.0104
469.353;596.291;31.0363
468.324;596.195;31.0856
467.295;596.097;31.1146
466.263;595.997;31.1384
465.23;595.895;31.1643
464.198;595.793;31.2206
463.165;595.689;31.1902
462.131;595.584;31.2152
461.096;595.477;31.2638
460.06;595.367;31.2873
459.025;595.256;31.3102
457.988;595.142;31.3291
456.954;595.025;31.3544
455.917;594.904;31.3735
454.878;594.78;31.3735
453.841;594.651;31.4154
452.803;594.519;31.435
451.765;594.381;31.4555
450.727;594.239;31.4749
449.689;594.091;31.4946
448.651;593.939;31.4946
447.613;593.782;31.5622
446.578;593.621;31.5294
445.54;593.455;31.6066
444.5;593.285;31.5972
443.464;593.11;31.6203
442.426;592.931;31.6203
441.388;592.747;31.6634
440.35;592.558;31.6831
439.314;592.365;31.7045
438.277;592.166;31.7575
437.24;591.962;31.7245
436.203;591.753;31.7625
435.168;591.538;31.8149
434.133;591.317;31.7975
433.099;591.09;31.8482
432.065;590.856;31.8266
431.033;590.615;31.8378
430.001;590.367;31.8464
428.972;590.111;31.8566
427.944;589.847;31.8566
426.918;589.574;31.865
425.894;589.292;31.8654
424.873;589;31.8617
423.855;588.698;31.8535
422.84;588.385;31.8535
421.829;588.061;31.8211
420.822;587.726;31.7972
419.82;587.378;31.7656
418.823;587.018;31.7656
417.832;586.644;31.7638
416.847;586.257;31.6361
415.868;585.858;31.6361
414.897;585.443;31.5098
413.932;585.016;31.4327
412.977;584.573;31.3346
412.031;584.114;31.2236
411.095;583.639;31.1087
410.171;583.151;30.9858
409.261;582.646;30.9858
408.361;582.128;30.8523
407.474;581.597;30.5277
406.6;581.053;30.3485
405.74;580.495;30.3485
404.895;579.924;29.975
404.064;579.34;29.7715
403.25;578.741;29.7502
402.453;578.125;29.3437
400.917;576.86;29.1687
399.455;575.545;28.7983
398.061;574.186;28.2878
396.737;572.784;28.132
395.489;571.336;27.6631
394.325;569.852;27.5513
393.239;568.332;27.2614
392.226;566.781;27.1443
391.285;565.201;27.1083
390.414;563.59;27.0724
389.61;561.948;27.102
388.867;560.289;27.1402
388.173;558.609;27.2907
387.511;556.914;27.3576
386.863;555.21;27.4325
386.212;553.495;27.5236
385.558;551.788;27.5079
384.899;550.081;27.5892
384.235;548.37;27.6491
383.568;546.655;27.6789
382.909;544.927;27.7772
382.272;543.195;27.7619
381.663;541.455;27.7719
381.082;539.704;27.7874
380.532;537.938;27.7972
380.014;536.156;27.8108
379.53;534.37;27.8443
379.075;532.576;27.8668
378.643;530.774;27.9347
378.231;528.96;27.9807
377.835;527.139;28.0046
377.456;525.314;28.0668
377.093;523.487;28.1474
376.749;521.651;28.1304
376.424;519.805;28.179
376.125;517.954;28.2507
375.854;516.098;28.2281
375.612;514.238;28.2528
375.401;512.369;28.273
375.223;510.495;28.292
375.08;508.617;28.3582
374.974;506.737;28.3214
374.902;504.852;28.3597
374.863;502.963;28.4316
374.857;501.073;28.4229
374.885;499.181;28.4418
374.942;497.287;28.4839
375.027;495.39;28.5552
375.137;493.492;28.6433
375.269;491.592;28.6692
375.417;489.688;28.7299
375.582;487.782;28.7592
375.76;485.874;28.849
375.954;483.962;28.934
376.167;482.05;28.9482
376.405;480.138;28.9838
376.673;478.226;29.0035
376.977;476.319;29.0054
377.323;474.417;29.046
377.716;472.525;28.9551
378.159;470.646;28.906
378.655;468.781;28.8705
379.206;466.936;28.697
379.809;465.117;28.6021
380.466;463.327;28.4287
381.177;461.565;28.3315
381.943;459.828;28.287
382.761;458.121;28.3273
383.628;456.439;28.322
384.544;454.784;28.2849
385.503;453.153;28.3836
386.502;451.545;28.4307
387.536;449.957;28.4682
388.602;448.385;28.5343
389.696;446.828;28.6007
390.817;445.286;28.6907
391.963;443.755;28.7323
393.132;442.239;28.7637
394.327;440.735;28.8865
395.544;439.246;28.9294
396.786;437.77;28.9957
398.052;436.307;29.0274
399.339;434.859;29.1406
400.649;433.421;29.1736
401.982;431.993;29.3048
403.332;430.581;29.3586
404.699;429.179;29.4339
406.081;427.784;29.5278
407.477;426.395;29.546
408.891;425.002;29.6103
410.304;423.619;29.7139
411.724;422.238;29.8019
413.149;420.856;29.8113
414.577;419.471;29.9288
415.295;418.773;29.933
416.015;418.076;29.933
416.734;417.381;29.9576
418.176;415.998;30.0394
418.898;415.307;30.065
419.624;414.617;30.1199
420.352;413.929;30.0904
421.083;413.243;30.1423
421.816;412.558;30.1665
422.556;411.873;30.1886
423.299;411.189;30.208
424.042;410.507;30.208
424.785;409.831;30.2904
425.531;409.153;30.2574
426.278;408.477;30.3365
427.027;407.802;30.3042
427.777;407.127;30.3519
428.529;406.453;30.4075
429.283;405.78;30.3757
430.042;405.105;30.4501
430.802;404.432;30.4155
431.564;403.762;30.4349
432.324;403.096;30.5069
433.089;402.43;30.4832
433.857;401.768;30.5355
434.629;401.11;30.4966
435.405;400.456;30.5164
436.186;399.806;30.5676
436.971;399.162;30.5303
437.764;398.522;30.5338
438.561;397.888;30.5394
439.362;397.26;30.5473
440.166;396.641;30.5555
440.975;396.024;30.5641
441.788;395.414;30.5763
442.605;394.808;30.6325
443.426;394.207;30.6472
444.251;393.61;30.6249
445.078;393.016;30.6446
445.909;392.424;30.6641
446.744;391.834;30.6641
447.579;391.246;30.6986
448.415;390.659;30.7163
449.25;390.073;30.7163
450.085;389.486;30.7472
450.92;388.897;30.7472
451.755;388.307;30.7757
452.589;387.715;30.7896
453.422;387.121;30.8034
454.254;386.525;30.8172
455.085;385.926;30.8313
455.916;385.325;30.843
456.747;384.721;30.9
457.575;384.116;30.8562
458.402;383.51;30.8695
459.228;382.902;30.8955
460.054;382.294;30.8955
460.879;381.684;30.9082
461.705;381.073;30.9342
462.53;380.462;30.9445
463.355;379.851;30.9584
464.183;379.237;30.9584
465.01;378.624;30.9766
465.837;378.01;30.9863
466.661;377.397;30.9863
467.485;376.782;31.0519
468.308;376.166;31.0165
469.13;375.547;31.0685
469.951;374.925;31.0277
470.769;374.299;31.0284
471.584;373.669;31.0246
472.396;373.031;31.0123
473.203;372.387;30.995
474.001;371.737;30.9742
474.791;371.081;30.9742
475.574;370.417;30.9135
476.349;369.746;30.8756
477.116;369.065;30.8756
477.876;368.377;30.8288
478.626;367.679;30.7199
479.365;366.972;30.7613
480.093;366.254;30.6581
480.809;365.523;30.5883
481.512;364.785;30.5587
482.197;364.04;30.3914
482.871;363.284;30.3914
483.533;362.522;30.2605
484.183;361.75;30.1922
484.822;360.97;30.1922
485.449;360.182;30.0549
486.062;359.386;30.095
486.66;358.581;29.9153
487.242;357.766;29.8357
487.807;356.941;29.8357
488.887;355.274;29.6286
489.902;353.581;29.5667
490.86;351.863;29.3671
491.762;350.119;29.237
492.598;348.353;29.092
493.363;346.564;29.0538
494.057;344.762;28.8906
494.687;342.946;28.6936
495.253;341.116;28.5557
495.759;339.274;28.4805
496.194;337.424;28.3575
496.557;335.57;28.1033
496.85;333.713;27.9804
497.075;331.856;27.9124
497.229;329.999;27.812
497.318;328.146;27.5754
497.337;326.298;27.5431
497.287;324.462;27.3263
497.168;322.635;27.2577
496.983;320.823;27.1853
496.73;319.026;27.0251
496.412;317.248;26.8696
496.028;315.49;26.8132
495.58;313.754;26.7116
495.067;312.043;26.6244
494.491;310.357;26.5348
493.855;308.701;26.437
493.161;307.07;26.3953
492.41;305.47;26.4445
491.604;303.898;26.3919
490.747;302.353;26.4217
489.844;300.836;26.5155
488.896;299.342;26.5535
487.91;297.868;26.6388
486.892;296.411;26.731
485.848;294.965;26.8282
484.783;293.527;26.9431
483.705;292.092;26.9683
482.614;290.658;27.1053
481.514;289.225;27.2137
480.401;287.793;27.2748
479.274;286.367;27.3692
478.127;284.95;27.4085
476.955;283.549;27.4839
475.756;282.166;27.4899
474.526;280.807;27.5124
473.264;279.475;27.5704
471.966;278.173;27.5312
470.637;276.905;27.5483
469.272;275.671;27.5614
467.876;274.473;27.5851
466.446;273.31;27.6163
464.986;272.184;27.6625
463.499;271.089;27.7262
461.984;270.025;27.7542
460.445;268.988;27.8664
458.888;267.977;27.95
457.309;266.985;28.0299
455.708;266.017;28.1021
454.085;265.077;28.164
452.445;264.165;28.2157
450.785;263.284;28.2363
449.101;262.437;28.2689
447.391;261.635;28.3324
445.657;260.882;28.2956
443.906;260.174;28.3117
442.138;259.509;28.3746
440.349;258.889;28.3668
438.536;258.324;28.3938
436.705;257.814;28.4282
434.865;257.353;28.473
433.013;256.933;28.497
431.147;256.558;28.5567
429.262;256.241;28.5672
427.369;255.982;28.5569
425.475;255.784;28.5135
423.581;255.637;28.4076
421.69;255.547;28.244
419.798;255.53;28.116
417.92;255.591;27.8344
416.062;255.729;27.6377
414.221;255.932;27.4604
412.4;256.201;27.2858
410.597;256.543;27.1775
408.815;256.973;26.8701
407.077;257.482;26.7282
405.368;258.058;26.6321
403.69;258.696;26.5961
402.043;259.396;26.5923
400.423;260.171;26.5736
398.845;261.008;26.621
397.299;261.9;26.6878
395.781;262.837;26.7306
394.285;263.814;26.83
392.804;264.828;26.9837
391.334;265.886;27.0294
389.89;266.971;27.1706
388.461;268.085;27.2592
387.049;269.229;27.3445
385.654;270.403;27.4248
384.277;271.618;27.4979
382.926;272.863;27.5782
381.598;274.138;27.6199
380.292;275.441;27.7494
379.004;276.772;27.8448
377.736;278.132;27.9499
376.487;279.523;28.0471
375.258;280.933;28.1291
374.049;282.367;28.2112
372.862;283.828;28.2783
371.705;285.317;28.3072
370.582;286.838;28.3437
369.502;288.39;28.3523
368.465;289.974;28.3477
367.48;291.591;28.3192
366.549;293.239;28.3266
365.674;294.918;28.2413
364.858;296.629;28.2497
364.098;298.363;28.3138
363.384;300.12;28.4219
362.708;301.897;28.4921
362.056;303.691;28.6436
361.407;305.497;28.8372
360.742;307.304;28.9182
360.047;309.104;28.9666
359.316;310.895;29.0002
358.547;312.673;29.0326
357.74;314.436;29.1303
356.896;316.191;29.1899
356.013;317.933;29.2882
355.096;319.662;29.3414
354.163;321.389;29.5054
353.221;323.114;29.5612
352.272;324.847;29.6276
351.325;326.581;29.6096
350.384;328.314;29.6274
349.451;330.057;29.716
348.529;331.809;29.8073
347.615;333.571;29.9038
347.158;334.462;29.9469
346.703;335.352;29.9956
345.793;337.135;30.0986
345.339;338.029;30.137
344.885;338.925;30.183
344.429;339.821;30.2277
343.973;340.717;30.2749
343.515;341.614;30.3225
343.055;342.512;30.3689
342.592;343.412;30.4151
342.123;344.317;30.4668
341.653;345.219;30.5031
341.181;346.119;30.549
340.707;347.021;30.6038
340.232;347.923;30.6492
339.754;348.825;30.6781
339.277;349.727;30.7343
338.797;350.63;30.7773
338.316;351.534;30.8232
337.832;352.438;30.8155
337.341;353.344;30.8983
336.845;354.251;30.9447
336.344;355.155;30.9673
335.839;356.054;31.0148
335.327;356.952;31.0231
334.808;357.847;31.0449
334.282;358.737;31.0635
333.75;359.625;31.08
333.21;360.507;31.0926
332.661;361.386;31.1004
332.101;362.26;31.1426
331.527;363.13;31.096
330.941;363.992;31.0929
330.345;364.845;31.0964
329.738;365.687;31.0955
329.121;366.524;31.0936
328.495;367.353;31.0936
327.861;368.175;31.105
327.218;368.989;31.1136
326.564;369.797;31.1199
325.9;370.597;31.1643
325.224;371.388;31.1248
324.532;372.171;31.168
323.831;372.945;31.1714
323.121;373.705;31.1766
322.401;374.455;31.1387
321.672;375.197;31.1445
320.934;375.929;31.1494
320.187;376.653;31.1532
319.43;377.367;31.1532
318.664;378.072;31.1591
317.888;378.766;31.1591
317.101;379.45;31.1666
316.3;380.125;31.1661
315.494;380.79;31.1661
314.681;381.44;31.1835
313.861;382.083;31.2215
313.033;382.716;31.2469
312.197;383.342;31.2469
311.354;383.959;31.2752
310.504;384.567;31.3672
309.647;385.168;31.3457
308.784;385.762;31.4455
307.915;386.35;31.4283
307.04;386.932;31.5123
306.16;387.509;31.5688
305.278;388.079;31.5536
304.391;388.646;31.6387
303.5;389.208;31.6781
302.605;389.767;31.7194
301.706;390.322;31.7594
300.803;390.874;31.7967
299.896;391.421;31.836
298.985;391.963;31.8738
298.07;392.501;31.9248
297.149;393.034;31.9404
296.225;393.561;31.9722
295.296;394.081;32.021
294.36;394.595;32.0241
293.421;395.101;32.0241
292.476;395.598;32.0483
291.525;396.088;32.0879
290.569;396.569;32.106
289.607;397.04;32.1248
288.64;397.502;32.1734
287.668;397.954;32.1589
286.69;398.397;32.1781
285.707;398.829;32.228
284.719;399.252;32.1974
283.726;399.664;32.2465
282.728;400.066;32.2465
281.725;400.46;32.3073
280.718;400.843;32.3447
279.706;401.218;32.3843
278.689;401.585;32.4273
277.669;401.944;32.4273
276.645;402.295;32.5321
275.617;402.641;32.577
274.586;402.981;32.6309
273.551;403.317;32.685
272.514;403.649;32.7386
271.474;403.979;32.7952
270.432;404.306;32.8439
269.388;404.633;32.9001
268.342;404.958;32.9461
267.294;405.283;33.0023
266.244;405.608;33.0527
265.192;405.934;33.0475
264.139;406.259;33.1484
263.084;406.584;33.1986
262.027;406.91;33.2485
260.968;407.234;33.2987
259.908;407.559;33.3483
258.845;407.882;33.3974
257.781;408.205;33.3974
256.714;408.526;33.4959
255.645;408.847;33.4959
254.575;409.166;33.594
253.502;409.484;33.594
252.427;409.801;33.643
251.35;410.117;33.7458
250.272;410.433;33.7908
249.191;410.749;33.8398
248.11;411.064;33.8891
247.026;411.38;33.938
245.941;411.696;33.9866
244.854;412.014;34.0352
243.767;412.332;34.0352
242.677;412.652;34.1315
241.587;412.974;34.1315
240.495;413.297;34.2324
239.403;413.622;34.2757
238.309;413.948;34.324
237.214;414.276;34.3723
236.117;414.606;34.4205
235.02;414.937;34.4692
233.921;415.269;34.5178
232.82;415.601;34.5178
231.718;415.934;34.5663
230.615;416.266;34.6628
229.509;416.598;34.7102
228.401;416.928;34.7573
227.291;417.257;34.8036
226.179;417.584;34.8491
225.065;417.908;34.8491
223.948;418.23;34.9387
222.828;418.548;34.9827
221.707;418.862;35.0271
220.582;419.173;35.0712
219.455;419.48;35.1156
218.326;419.784;35.161
217.194;420.084;35.2068
216.059;420.38;35.2531
214.922;420.673;35.2531
213.782;420.962;35.3488
212.64;421.249;35.3972
211.497;421.534;35.3972
210.351;421.817;35.4959
209.202;422.098;35.5452
208.053;422.379;35.5977
206.901;422.659;35.6434
205.747;422.94;35.6919
204.593;423.221;35.7403
203.436;423.502;35.7881
202.279;423.785;35.836
201.12;424.069;35.888
199.959;424.355;35.9313
198.798;424.642;35.9313
197.635;424.931;36.0311
196.471;425.222;36.0748
195.306;425.514;36.1229
194.139;425.808;36.1709
192.971;426.103;36.2224
191.803;426.399;36.2186
190.632;426.696;36.2672
189.46;426.994;36.363
188.287;427.293;36.363
187.112;427.592;36.4592
185.935;427.892;36.507
184.758;428.193;36.5589
183.578;428.494;36.6024
182.397;428.795;36.6024
181.215;429.096;36.702
180.03;429.398;36.746
178.845;429.7;36.7939
177.658;430.003;36.8416
176.469;430.305;36.8891
175.278;430.607;36.9364
174.086;430.909;36.9832
172.892;431.21;37.0291
171.696;431.509;37.0762
170.498;431.807;37.0762
169.298;432.103;37.171
168.095;432.395;37.2091
166.89;432.685;37.2091
165.683;432.97;37.291
164.473;433.251;37.291
163.261;433.527;37.3661
162.047;433.798;37.4028
160.83;434.062;37.4368
159.609;434.32;37.4368
158.387;434.571;37.471
157.161;434.815;37.5395
155.933;435.053;37.5749
154.702;435.283;37.5749
153.469;435.506;37.6118
152.234;435.723;37.6931
150.996;435.933;37.6931
149.755;436.137;37.7811
148.512;436.336;37.7811
147.267;436.529;37.8287
146.019;436.718;37.8776
144.77;436.904;37.9779
143.518;437.086;37.9779
142.266;437.266;38.0786
141.01;437.445;38.1303
139.753;437.623;38.1764
138.495;437.8;38.2288
137.234;437.978;38.277
135.973;438.156;38.3206
134.709;438.335;38.3682
133.444;438.514;38.4158
132.178;438.693;38.4636
130.911;438.872;38.4636
129.64;439.051;38.5587
128.369;439.229;38.6097
127.096;439.405;38.6516
125.821;439.579;38.6963
124.544;439.751;38.7401
123.265;439.919;38.7401
121.985;440.084;38.8238
120.703;440.245;38.8638
119.417;440.401;38.9111
118.131;440.551;38.9487
116.842;440.695;38.9709
115.551;440.832;39.0027
114.258;440.962;39.0027
112.964;441.084;39.0599
111.668;441.199;39.0599
110.37;441.304;39.1081
109.07;441.4;39.1525
107.769;441.487;39.1736
106.466;441.563;39.1924
105.162;441.629;39.1812
103.856;441.685;39.1966
102.55;441.729;39.1966
101.243;441.763;39.2125
99.9344;441.785;39.2459
98.6247;441.797;39.2933
97.3148;441.797;39.2658
96.0039;441.786;39.2881
94.6924;441.764;39.3129
93.3803;441.732;39.3898
92.0677;441.688;39.4204
90.7549;441.635;39.4046
89.441;441.572;39.4813
88.1263;441.501;39.4813
86.8115;441.42;39.5678
85.4957;441.33;39.5678
84.1793;441.233;39.6654
82.8621;441.129;39.7122
81.5441;441.019;39.7071
80.2252;440.902;39.8031
78.9053;440.78;39.8511
77.5842;440.653;39.8993
76.2622;440.521;39.9476
74.939;440.386;39.9476
73.6147;440.247;39.9957
72.289;440.105;40.0927
70.962;439.96;40.1413
69.6334;439.813;40.1893
68.3041;439.664;40.1893
66.9728;439.513;40.2859
65.6403;439.361;40.2859
64.3063;439.207;40.3864
62.9707;439.053;40.3818
61.6336;438.899;40.4294
60.2946;438.744;40.5286
58.9546;438.589;40.5708
57.6129;438.435;40.6173
56.2694;438.281;40.6687
54.9243;438.129;40.6635
53.5775;437.977;40.7553
52.2289;437.826;40.8008
50.8788;437.677;40.8466
49.5264;437.529;40.891
48.1732;437.383;40.937
46.8183;437.238;40.9823
45.4613;437.094;41.033
44.1028;436.952;41.073
42.7424;436.812;41.1182
41.3805;436.672;41.164
40.0165;436.534;41.2084
38.6518;436.396;41.2084
37.2855;436.259;41.2996
35.9171;436.123;41.3447
34.5476;435.987;41.3953
33.1762;435.85;41.4346
31.8033;435.713;41.4788
30.4294;435.575;41.523
29.0529;435.435;41.5642
27.6778;435.293;41.614
26.2994;435.149;41.6069
24.9211;435;41.6851
23.5413;434.848;41.7207
22.1607;434.69;41.753
20.7798;434.526;41.7823
19.3975;434.355;41.8059
18.0168;434.178;41.8292
16.6366;433.992;41.872
15.2554;433.798;41.858
13.8754;433.593;41.9017
12.4956;433.379;41.8679
11.1171;433.154;41.8778
9.73857;432.916;41.878
8.36379;432.67;41.878
6.99163;432.41;41.8854
5.61867;432.141;41.8828
4.24917;431.858;41.8823
2.88114;431.563;41.8825
1.51568;431.255;41.9276
0.15359;430.935;41.8937
-1.20697;430.602;41.9396
-2.56422;430.256;41.9026
-3.91796;429.898;41.9659
-5.2692;429.53;41.9625
-6.61747;429.15;42.0111
-7.96369;428.76;42.0184
-9.30761;428.359;42.0468
-10.6521;427.944;42.0468
-11.9888;427.522;42.1236
-13.3258;427.088;42.1047
-14.6585;426.645;42.1556
-15.989;426.19;42.1758
-17.3161;425.725;42.1906
-18.6408;425.248;42.195
-19.9641;424.757;42.195
-21.2805;424.258;42.1862
-22.5896;423.746;42.1377
-23.8959;423.223;42.0623
-25.1938;422.687;41.9426
-26.4834;422.138;41.7646
-27.7632;421.575;41.5161
-29.0318;420.995;41.2387
-30.2834;420.404;40.9276
-31.5165;419.799;40.9276
-32.7371;419.185;40.2537
-33.9418;418.561;40.2537
-35.1313;417.926;39.684
-36.3043;417.281;38.9608
-37.4604;416.625;38.3515
-38.5949;415.95;38.3515
-39.7043;415.269;37.2302
-40.7882;414.575;36.6971
-41.854;413.871;36.175
-42.9;413.156;36.175
-43.9263;412.431;35.6024
-44.9329;411.694;35.1691
-45.9163;410.938;34.0308
-46.8759;410.172;34.0308
-47.8037;409.397;33.5581
-48.7108;408.611;32.6896
-49.5951;407.817;32.2651
-50.4565;407.012;31.8543
-51.2946;406.199;31.8543
-52.1091;405.377;31.0769
-52.8998;404.548;30.7041
-53.6686;403.707;30.2379
-54.4024;402.853;29.8265
-55.1094;401.997;29.8265
-55.7828;401.136;29.5439
-56.4318;400.27;28.9574
-57.0569;399.4;28.6982
-57.6575;398.526;28.4787
-58.2353;397.65;28.2393
-58.7915;396.769;28.2393
-59.3167;395.88;27.9723
-59.8066;394.986;27.6253
-60.2681;394.094;27.1415
-61.0903;392.314;26.9903
-61.8153;390.536;26.7397
-62.4453;388.761;26.5166
-62.9836;386.988;26.1464
-63.4023;385.216;25.8966
-63.7081;383.461;25.8265
-63.9231;381.72;25.6911
-64.0564;379.99;25.5907
-64.1212;378.275;25.4201
-64.1041;376.564;25.2824
-64.0077;374.87;25.2884
-63.8392;373.192;25.1855
-63.6112;371.523;25.2013
-63.3352;369.859;25.2752
-63.0275;368.197;25.4487
-62.7166;366.532;25.4745
-62.4343;364.861;25.4872
-62.2044;363.187;25.2707
-62.0349;361.513;25.0383
-61.9323;359.844;24.7317
-61.8992;358.186;24.5756
-61.9421;356.545;23.9855
-62.0606;354.925;23.5957
-62.2583;353.334;23.4197
-62.5311;351.774;22.8432
-62.8807;350.251;22.5094
-63.3025;348.767;22.3582
-63.7971;347.326;22.0947
-64.3595;345.931;21.8217
-64.988;344.579;21.8156
-65.6778;343.272;21.6764
-66.4274;342.008;21.6971
-67.2301;340.783;21.8138
-68.0807;339.591;21.8548
-68.9712;338.422;22.0788
-69.8865;337.267;22.2268
-70.8145;336.108;22.3458
-71.7406;334.942;22.4578
-72.6624;333.761;22.5625
-73.5787;332.568;22.6713
-74.4919;331.364;22.7261
-75.4031;330.152;22.7682
-76.3102;328.941;22.7241
-77.2196;327.73;22.7405
-78.1337;326.523;22.8087
-79.0574;325.315;22.8799
-79.9914;324.109;22.9679
-80.9371;322.905;23.0473
-81.8975;321.705;23.0736
-82.8711;320.508;23.2142
-83.8598;319.317;23.2976
-84.8658;318.133;23.3673
-85.8901;316.957;23.4468
-86.9358;315.793;23.5386
-88.0035;314.643;23.5968
-89.0955;313.509;23.6662
-90.213;312.393;23.7358
-91.3556;311.296;23.7684
-92.5232;310.218;23.8852
-93.7141;309.158;23.9695
-94.9268;308.114;24.0065
-96.16;307.087;24.1413
-97.412;306.073;24.2326
-98.6806;305.07;24.3252
-99.9645;304.077;24.4191
-101.262;303.091;24.5134
-102.573;302.112;24.6075
-103.896;301.14;24.6509
-105.231;300.174;24.7955
-106.578;299.213;24.8901
-107.938;298.258;24.9839
-109.309;297.309;25.0294
-110.692;296.367;25.1216
-112.087;295.432;25.2138
-113.494;294.503;25.3647
-114.913;293.583;25.4409
-116.343;292.669;25.4848
-117.784;291.759;25.6376
-119.234;290.852;25.7163
-120.691;289.946;25.8216
-122.155;289.038;25.9001
-123.624;288.128;25.9459
-125.099;287.214;26.0376
-126.579;286.298;26.1735
-128.065;285.382;26.263
-129.558;284.464;26.3068
-131.058;283.548;26.4413
-132.567;282.633;26.5445
-134.087;281.724;26.6136
-135.615;280.822;26.7005
-137.156;279.928;26.7411
-138.709;279.044;26.8655
-140.276;278.173;26.9433
-141.858;277.318;27.0181
-143.453;276.481;27.0916
-145.065;275.663;27.1642
-146.692;274.864;27.24
-148.334;274.083;27.3392
-149.988;273.317;27.4235
-151.653;272.561;27.453
-153.327;271.81;27.591
-155.007;271.055;27.6777
-156.687;270.29;27.7575
-158.366;269.508;27.7976
-160.04;268.704;27.9
-161.707;267.876;27.9684
-163.367;267.024;28.0418
-165.021;266.147;28.0833
-166.668;265.248;28.201
-168.31;264.328;28.2891
-169.95;263.393;28.38
-171.59;262.447;28.4855
-173.234;261.495;28.576
-174.883;260.54;28.6498
-176.539;259.587;28.6914
-178.205;258.637;28.8223
-179.879;257.693;28.9086
-181.564;256.754;29.0101
-183.257;255.819;29.0975
-184.959;254.886;29.1712
-186.667;253.954;29.2594
-188.381;253.02;29.3036
-190.1;252.082;29.3919
-191.821;251.137;29.4791
-193.543;250.182;29.6051
-195.265;249.213;29.6992
-196.98;248.225;29.7662
-198.686;247.211;29.799
-200.378;246.167;29.8327
-202.051;245.087;29.8444
-203.699;243.968;29.8386
-205.319;242.807;29.835
-206.904;241.605;29.7235
-208.449;240.363;29.5945
-209.952;239.082;29.5002
-211.417;237.758;29.5172
-212.843;236.394;29.4729
-214.231;234.991;29.5092
-215.585;233.553;29.5962
-216.908;232.084;29.6146
-218.209;230.588;29.7651
-219.496;229.075;29.8649
-220.781;227.552;29.9006
-222.073;226.028;30.0425
-222.723;225.266;30.0785
-223.377;224.507;30.0891
-224.037;223.752;30.0891
-224.702;222.999;30.1729
-225.373;222.25;30.1488
-226.049;221.504;30.2157
-226.729;220.76;30.2539
-227.413;220.019;30.2952
-228.101;219.278;30.2952
-228.791;218.538;30.3828
-229.482;217.798;30.4261
-230.173;217.055;30.4261
-230.863;216.31;30.498
-231.55;215.561;30.5239
-232.233;214.806;30.5689
-232.91;214.045;30.5537
-233.581;213.278;30.5977
-234.244;212.503;30.5584
-234.899;211.721;30.6039
-235.545;210.932;30.5491
-236.183;210.135;30.5491
-236.811;209.33;30.5431
-237.429;208.517;30.5345
-238.037;207.697;30.5842
-238.635;206.869;30.5372
-239.223;206.034;30.5441
-239.801;205.192;30.5575
-240.369;204.342;30.6108
-240.927;203.486;30.5983
-241.476;202.623;30.6255
-242.016;201.754;30.6562
-242.547;200.879;30.6898
-243.071;199.998;30.7254
-243.586;199.111;30.7642
-244.095;198.22;30.7642
-244.598;197.324;30.8036
-245.095;196.423;30.8818
-245.587;195.518;30.9197
-246.073;194.609;30.9565
-246.555;193.696;31.0103
-247.031;192.779;31.028
-247.502;191.858;31.028
-247.969;190.934;31.1183
-248.431;190.006;31.1529
-248.887;189.074;31.1663
-249.339;188.138;31.2193
-249.784;187.198;31.2511
-250.224;186.254;31.2593
-250.658;185.306;31.312
-251.086;184.355;31.3428
-251.507;183.399;31.3734
-251.923;182.44;31.4043
-252.332;181.476;31.413
-252.735;180.509;31.413
-253.132;179.539;31.48
-253.524;178.565;31.5353
-253.91;177.587;31.5708
-254.292;176.607;31.5518
-254.669;175.623;31.6464
-255.041;174.636;31.6857
-255.411;173.647;31.6695
-255.777;172.655;31.7657
-256.141;171.661;31.7901
-256.502;170.665;31.8293
-256.86;169.666;31.8293
-257.216;168.666;31.922
-257.57;167.662;31.9604
-257.921;166.657;31.9983
-258.27;165.65;32.0184
-258.615;164.64;32.0184
-258.958;163.628;32.0887
-259.296;162.613;32.0887
-259.631;161.596;32.1735
-259.96;160.576;32.1538
-260.285;159.553;32.2357
-260.604;158.528;32.2435
-260.917;157.499;32.2722
-261.225;156.468;32.3244
-261.527;155.434;32.3531
-261.822;154.397;32.3581
-262.111;153.358;32.3581
-262.394;152.315;32.387
-262.67;151.27;32.4675
-262.939;150.222;32.4957
-263.202;149.171;32.4727
-263.458;148.118;32.5023
-263.707;147.062;32.5826
-263.949;146.003;32.588
-264.184;144.942;32.6157
-264.412;143.879;32.6659
-264.633;142.813;32.6921
-264.846;141.745;32.717
-265.051;140.674;32.6919
-265.248;139.601;32.7637
-265.437;138.525;32.787
-265.618;137.448;32.8092
-265.79;136.368;32.8307
-265.954;135.286;32.8017
-266.108;134.202;32.8731
-266.254;133.116;32.8649
-266.391;132.028;32.9163
-266.519;130.938;32.9106
-266.638;129.846;32.9106
-266.749;128.753;32.961
-266.851;127.658;33.015
-266.945;126.561;33.0199
-267.031;125.463;33.0509
-267.11;124.363;33.104
-267.181;123.262;33.0821
-267.244;122.16;33.1436
-267.3;121.056;33.1728
-267.349;119.95;33.2233
-267.389;118.844;33.2507
-267.422;117.737;33.2522
-267.447;116.628;33.2773
-267.464;115.518;33.327
-267.472;114.408;33.3492
-267.472;113.296;33.3213
-267.462;112.184;33.3868
-267.443;111.072;33.402
-267.413;109.959;33.379
-267.373;108.846;33.425
-267.322;107.733;33.4329
-267.26;106.62;33.396
-267.186;105.508;33.396
-267.101;104.396;33.4038
-267.004;103.284;33.4067
-266.895;102.174;33.4092
-266.774;101.064;33.4117
-266.64;99.9559;33.4587
-266.495;98.849;33.4156
-266.336;97.7437;33.4173
-266.165;96.6402;33.4641
-265.981;95.5387;33.4213
-265.785;94.4392;33.4238
-265.575;93.3419;33.4299
-265.354;92.2469;33.4368
-265.12;91.1542;33.4447
-264.874;90.0639;33.494
-264.616;88.9763;33.4635
-264.346;87.8914;33.4635
-264.064;86.8092;33.5233
-263.77;85.73;33.4966
-263.464;84.6537;33.4966
-263.146;83.5806;33.5083
-262.817;82.5106;33.5312
-262.476;81.444;33.5454
-262.123;80.3805;33.5595
-261.76;79.3203;33.5736
-261.386;78.2636;33.5869
-261;77.2104;33.5869
-260.603;76.1611;33.6489
-260.195;75.1155;33.6237
-259.776;74.074;33.6237
-259.346;73.0366;33.6453
-258.905;72.0034;33.6939
-258.452;70.9747;33.6635
-257.989;69.9505;33.6712
-257.514;68.9311;33.6814
-257.029;67.9163;33.6912
-256.533;66.9064;33.6912
-256.026;65.9016;33.7096
-255.508;64.902;33.7096
-254.978;63.9078;33.7251
-254.438;62.9193;33.7734
-253.887;61.9366;33.7383
-253.325;60.9598;33.7383
-252.752;59.9891;33.7926
-252.168;59.0246;33.7552
-251.574;58.0664;33.8038
-250.968;57.1148;33.769
-250.353;56.1694;33.7787
-249.727;55.2304;33.7787
-249.09;54.298;33.8014
-248.444;53.3721;33.8014
-247.787;52.4528;33.8283
-247.121;51.5403;33.8429
-246.445;50.6344;33.8936
-245.759;49.7354;33.8722
-245.063;48.8433;33.8868
-244.358;47.9581;33.9013
-243.644;47.0798;33.9013
-242.921;46.2086;33.9302
-242.188;45.3444;33.9445
-241.447;44.4873;33.9617
-240.697;43.6369;33.9617
-239.938;42.7935;33.9969
-239.171;41.957;34.0154
-238.395;41.1275;34.0677
-237.611;40.305;34.0537
-236.82;39.4895;34.1059
-236.02;38.681;34.0931
-235.212;37.8796;34.1127
-234.396;37.0853;34.1325
-233.572;36.2981;34.1325
-232.741;35.5179;34.2052
-231.903;34.7447;34.1953
-231.057;33.9785;34.218
-230.204;33.2191;34.218
-229.345;32.466;34.2713
-228.478;31.7192;34.3004
-227.606;30.9785;34.3313
-226.727;30.2435;34.3642
-225.843;29.514;34.3988
-224.953;28.7896;34.435
-224.058;28.0698;34.4727
-223.158;27.3542;34.5116
-222.254;26.6422;34.5116
-221.345;25.9333;34.5914
-220.434;25.2271;34.5914
-219.519;24.523;34.6314
-218.6;23.821;34.671
-217.679;23.1205;34.7491
-216.756;22.4213;34.7877
-215.83;21.7232;34.8263
-214.902;21.0258;34.8645
-213.972;20.329;34.9199
-213.039;19.6332;34.9391
-212.105;18.9384;34.9751
-211.167;18.2451;35.0098
-210.227;17.5538;35.0616
-209.284;16.865;35.093
-208.337;16.1796;35.1
-207.385;15.4983;35.123
-206.429;14.8221;35.1408
-205.468;14.1519;35.1531
-204.502;13.4887;35.1531
-203.529;12.8335;35.1583
-202.55;12.187;35.1505
-201.565;11.5501;35.1505
-200.573;10.9237;35.1128
-199.574;10.3086;35.083
-198.568;9.70559;35.0502
-197.556;9.11473;35.0124
-196.536;8.5368;34.9704
-195.51;7.97238;35.0099
-194.478;7.42184;34.9251
-193.439;6.88574;34.8279
-192.393;6.36441;34.8676
-191.341;5.85816;34.7776
-190.284;5.36734;34.676
-189.221;4.89215;34.6258
-188.152;4.43289;34.6258
-187.078;3.98973;34.5281
-185.998;3.56289;34.4811
-184.914;3.1525;34.4357
-183.826;2.75863;34.4763
-182.733;2.38145;34.3924
-181.636;2.02086;34.3517
-180.535;1.67664;34.2866
-179.43;1.34883;34.26
-178.322;1.03734;34.3057
-177.21;0.742227;34.2179
-176.095;0.46332;34.2179
-174.977;0.200586;34.1885
-173.857;-0.0460938;34.1885
-172.734;-0.276836;34.1687
-171.609;-0.491836;34.162
-170.481;-0.691211;34.1574
-169.352;-0.875234;34.155
-168.22;-1.04414;34.155
-167.087;-1.19813;34.1545
-165.952;-1.33742;34.1591
-164.816;-1.46223;34.1591
-163.678;-1.5732;34.1786
-162.539;-1.67059;34.1924
-161.399;-1.75461;34.2091
-160.257;-1.8257;34.2288
-159.115;-1.88418;34.2515
-157.971;-1.93055;34.2773
-156.827;-1.96531;34.3063
-155.681;-1.98895;34.3384
-154.534;-2.00219;34.3737
-153.387;-2.00563;34.3737
-152.238;-2.00008;34.4118
-151.089;-1.98625;34.5139
-149.938;-1.96504;34.5396
-148.786;-1.9375;34.5855
-147.633;-1.90461;34.6326
-146.479;-1.8677;34.6794
-145.324;-1.82793;34.7253
-144.167;-1.78633;34.7698
-143.008;-1.74402;34.8126
-141.849;-1.70203;34.8126
-140.687;-1.66125;34.8928
-139.525;-1.62238;34.9308
-138.361;-1.58609;34.9677
-137.196;-1.55281;35.0041
-136.029;-1.52281;35.0403
-134.861;-1.49629;35.0766
-133.692;-1.47328;35.1131
-132.521;-1.45387;35.1695
-131.35;-1.43789;35.1873
-130.176;-1.42512;35.2249
-129.002;-1.41539;35.2628
-127.827;-1.4084;35.3008
-126.65;-1.40383;35.3388
-125.472;-1.40129;35.3767
-124.293;-1.40055;35.4145
-123.112;-1.40121;35.4145
-121.93;-1.40297;35.5071
-120.747;-1.40555;35.5264
-119.563;-1.40875;35.5632
-118.378;-1.41234;35.5999
-117.191;-1.41621;35.6364
-116.003;-1.42023;35.6727
-114.814;-1.42434;35.7089
-113.624;-1.42832;35.745
-112.432;-1.43203;35.745
-111.24;-1.43539;35.8166
-110.046;-1.43828;35.8521
-108.851;-1.44062;35.9057
-107.655;-1.44223;35.8875
-106.457;-1.44293;35.9577
-105.259;-1.44262;35.9577
-104.059;-1.44109;35.9925
-102.858;-1.4382;36.0614
-101.656;-1.43379;36.0956
-100.453;-1.42762;36.1484
-99.2483;-1.41961;36.1634
-98.0429;-1.40969;36.1972
-96.8364;-1.3977;36.2309
-95.6287;-1.38367;36.2646
-94.4199;-1.36754;36.2985
-93.2101;-1.34945;36.3324
-91.9991;-1.32938;36.3324
-90.7871;-1.30746;36.3664
-89.5739;-1.28391;36.4349
-88.3596;-1.25887;36.4693
-87.1442;-1.23254;36.5037
-85.9277;-1.20523;36.5037
-84.7101;-1.17711;36.5725
-83.4914;-1.14848;36.6068
-82.2715;-1.11961;36.6595
-81.0505;-1.09066;36.6751
-79.8283;-1.06191;36.6751
-78.605;-1.03352;36.7429
-77.3806;-1.00559;36.7954
-76.155;-0.978281;36.8103
-74.9283;-0.951641;36.8628
-73.7004;-0.925742;36.8776
-72.4714;-0.900586;36.8776
-71.2413;-0.876094;36.9113
-70.01;-0.852305;36.9973
-68.7776;-0.829102;37.0121
-67.5441;-0.806406;37.0457
-66.3095;-0.78418;37.0457
-65.0737;-0.762266;37.1128
-63.8368;-0.740625;37.1463
-62.5988;-0.719141;37.1797
-61.3596;-0.697773;37.1797
-60.1194;-0.676367;37.2464
-58.878;-0.655;37.2797
-57.6356;-0.633516;37.313
-56.392;-0.611914;37.3462
-55.1473;-0.590195;37.3794
-53.9016;-0.568398;37.4126
-52.6547;-0.546484;37.4457
-51.4067;-0.524492;37.4979
-50.1576;-0.502422;37.4788
-48.9074;-0.480234;37.5448
-47.6561;-0.458086;37.5778
-46.4037;-0.435898;37.63
-45.1503;-0.413672;37.6108
-43.8957;-0.391445;37.6437
-42.64;-0.369219;37.7094
-41.3832;-0.346992;37.7422
-40.1254;-0.324766;37.7422
-38.8664;-0.3025;37.8077
-37.6063;-0.280234;37.8598
-36.3452;-0.25793;37.8731
-35.083;-0.235547;37.8731
-33.8197;-0.213086;37.9578
-32.5553;-0.190547;37.9709
-31.2898;-0.167891;38.0035
-30.0232;-0.145117;38.036
-28.7556;-0.122266;38.0685
-27.4868;-0.0993359;38.1009
-26.217;-0.07625;38.1009
-24.9461;-0.0530469;38.1657
-23.6742;-0.0297656;38.2177
-22.4011;-0.00636719;38.2304
-21.127;0.0170313;38.2627
-19.8518;0.0405469;38.2627
-18.5755;0.0641016;38.3272
-17.2982;0.0876562;38.3594
-16.0198;0.11125;38.3594
-14.7403;0.134805;38.4237
-13.4597;0.158359;38.4237
-12.1781;0.181914;38.4879
-10.8954;0.205508;38.5199
-9.61159;0.229023;38.5717
-8.32675;0.252539;38.5839
-7.04085;0.276055;38.6159
-5.75388;0.29957;38.6159
-4.46584;0.323047;38.6996
-3.17674;0.346563;38.7115
-1.88658;0.370078;38.7434
