0;0;2.56074
1.05543;7.8125e-05;3.57515
2.16407;7.8125e-05;4.31332
3.20568;0.000195312;4.5143
4.23927;0.00046875;5.19372
5.36663;0.000742187;6.07025
6.47158;0.00101562;6.62894
7.52883;0.00132813;7.42576
8.68706;0.00171875;7.8885
9.69121;0.00203125;8.34632
10.7593;0.00246094;8.80706
11.8889;0.00292969;9.23717
13.0771;0.00347656;9.65999
14.3225;0.00414062;10.0706
15.6234;0.00476563;10.2558
16.6383;0.00535156;10.6665
17.6759;0.0059375;10.8595
18.7497;0.0065625;11.0382
19.8462;0.00726563;11.4205
20.9774;0.00796875;11.807
22.1311;0.00875;11.9893
23.3183;0.00957031;12.3494
24.5278;0.0103906;12.5297
25.7699;0.0113281;12.8872
27.0342;0.0123047;13.0768
28.3301;0.0133594;13.4165
29.6482;0.0144141;13.2732
30.9856;0.0155078;13.2595
32.3144;0.0166797;13.6647
33.6675;0.0178516;14.0158
35.0453;0.0190234;14.2334
36.4551;0.0203125;14.5547
37.8887;0.0216016;14.7268
39.3518;0.0230078;14.9356
40.8378;0.0244141;15.2315
41.8433;0.0254297;15.392
42.8597;0.0264844;15.5429
43.8868;0.0275391;15.699
44.9246;0.0286328;15.8607
45.9728;0.0297266;16.0057
47.0314;0.0308594;16.1566
48.1002;0.0320312;16.3061
49.1791;0.0332031;16.3623
50.268;0.0344531;16.6014
51.3669;0.0357031;16.6609
52.4756;0.0369922;16.9005
53.5941;0.0383203;17.0368
54.7224;0.0396484;17.1802
55.8603;0.0410156;17.2451
57.0078;0.0424219;17.465
58.1648;0.0438281;17.6065
59.3314;0.0453125;17.7475
60.5074;0.0468359;17.8879
61.6928;0.0483594;17.9562
62.8876;0.0499219;18.1672
64.0917;0.0514844;18.3062
65.3051;0.053125;18.4448
66.5278;0.0547656;18.5829
67.7598;0.0564453;18.6516
69.0009;0.0581641;18.8579
70.2512;0.0599219;18.9264
71.5107;0.0617187;19.1314
72.7793;0.0635156;19.2675
74.057;0.0653906;19.4033
75.3437;0.0672656;19.5387
76.6395;0.0692187;19.6738
77.9443;0.0711719;19.8085
79.2582;0.0732031;19.9429
80.5809;0.0752344;20.0099
81.9127;0.0773047;20.2201
83.2534;0.0794141;20.3443
84.603;0.0815625;20.3239
85.9585;0.08375;20.3033
87.3126;0.0859375;20.3736
88.6655;0.088125;20.53
90.0267;0.0903906;20.6803
91.3981;0.0926562;20.8341
92.7794;0.0949609;20.963
94.1701;0.0973047;21.0967
95.5699;0.0996484;21.2258
96.9785;0.10207;21.3511
98.3957;0.104531;21.473
99.8211;0.107031;21.6019
101.255;0.10957;21.7081
102.696;0.112187;21.8221
104.145;0.114805;21.9444
105.602;0.117461;22.0445
107.066;0.120156;22.1534
108.537;0.122891;22.2073
110.016;0.125625;22.3144
111.502;0.128438;22.4731
112.995;0.13125;22.5778
114.495;0.134141;22.6818
116.001;0.137031;22.7852
117.515;0.14;22.8879
119.036;0.142969;22.9902
120.564;0.146016;23.092
122.098;0.149062;23.1933
123.639;0.152187;23.2943
125.187;0.155312;23.395
126.742;0.158516;23.4953
128.303;0.161719;23.5953
129.871;0.165039;23.6951
131.445;0.16832;23.7946
133.027;0.17168;23.8938
134.615;0.175039;23.9433
136.209;0.178477;24.0916
137.81;0.181914;24.1901
139.418;0.18543;24.2885
141.032;0.188945;24.3866
142.653;0.192539;24.4845
144.281;0.196133;24.5822
145.915;0.199805;24.6914
147.555;0.203477;24.7771
149.202;0.207227;24.8743
150.855;0.210977;24.9712
152.515;0.214805;25.068
154.182;0.218672;25.1646
155.854;0.222617;25.261
157.534;0.226563;25.3092
159.219;0.230547;25.4534
160.911;0.23457;25.5492
162.61;0.238633;25.6449
164.315;0.242773;25.7405
166.026;0.246914;25.8358
167.744;0.251133;25.931
169.468;0.255391;26.026
171.198;0.259687;26.1209
172.934;0.264023;26.2155
174.677;0.268398;26.31
176.427;0.272852;26.4043
178.182;0.277305;26.4985
179.944;0.281836;26.5924
181.712;0.286406;26.6862
183.487;0.291055;26.7799
185.267;0.295703;26.8733
187.054;0.300391;26.9666
188.847;0.305156;27.0597
190.646;0.309961;27.1527
192.452;0.314805;27.2454
194.264;0.319687;27.338
196.081;0.324609;27.4305
197.906;0.329609;27.5227
199.736;0.334648;27.6148
201.572;0.339727;27.7067
203.415;0.344883;27.7985
205.263;0.350039;27.8901
207.118;0.355273;27.9815
208.979;0.360547;28.0862
210.846;0.365898;28.1638
212.719;0.371289;28.2548
214.598;0.376719;28.3455
216.483;0.382187;28.4361
218.374;0.387734;28.5265
220.271;0.39332;28.6167
222.175;0.398945;28.6618
224.084;0.404648;28.7967
225.999;0.410391;28.8865
227.92;0.416172;28.9313
229.848;0.422031;29.0655
231.781;0.42793;29.1688
233.72;0.433867;29.2438
235.665;0.439883;29.3327
237.616;0.445937;29.4215
239.573;0.45207;29.5101
241.536;0.458242;29.5985
243.505;0.464453;29.6867
245.48;0.470703;29.7748
247.46;0.477031;29.8628
249.447;0.483398;29.9505
251.439;0.489805;30.0381
253.437;0.496289;30.0819
254.438;0.499531;30.1256
255.441;0.502813;30.1839
256.445;0.506094;30.2128
257.451;0.509414;30.2128
258.458;0.512734;30.2999
259.466;0.516055;30.3434
260.476;0.519414;30.4017
261.488;0.522773;30.4303
262.501;0.526133;30.4737
263.515;0.529531;30.517
264.531;0.53293;30.5603
265.548;0.536328;30.6035
266.567;0.539766;30.6468
267.587;0.543203;30.6899
268.608;0.54668;30.733
269.631;0.550156;30.7761
270.656;0.553633;30.8193
271.682;0.557148;30.8208
272.709;0.560664;30.8043
273.736;0.56418;30.7875
274.763;0.567695;30.7707
275.789;0.57125;30.7539
276.814;0.574805;30.7892
277.839;0.578359;30.8263
278.866;0.581914;30.8642
279.893;0.585469;30.8642
280.922;0.589063;30.9399
281.952;0.592656;30.9779
282.984;0.59625;31.0159
284.016;0.599844;31.054
285.05;0.603477;31.0921
286.085;0.607109;31.1303
287.122;0.610742;31.1684
288.159;0.614414;31.2066
289.198;0.618086;31.2448
290.238;0.621758;31.283
291.28;0.625469;31.3365
292.323;0.62918;31.3595
293.367;0.632891;31.3977
294.412;0.636602;31.4359
295.459;0.640352;31.4741
296.507;0.644102;31.5123
297.556;0.647891;31.5659
298.606;0.65168;31.5887
299.658;0.655469;31.6269
300.711;0.659297;31.665
301.765;0.663125;31.7032
302.82;0.666953;31.7413
303.877;0.67082;31.7794
304.935;0.674688;31.8175
305.994;0.678555;31.8555
307.055;0.6825;31.8936
308.117;0.686406;31.9316
309.18;0.690313;31.9696
310.244;0.694258;32.0076
311.31;0.698203;32.0455
312.377;0.702148;32.0834
313.445;0.706133;32.1213
314.515;0.710117;32.1592
315.585;0.714141;32.197
316.657;0.718164;32.2507
317.73;0.722187;32.2726
318.805;0.72625;32.3262
319.881;0.730312;32.3481
320.958;0.734375;32.3858
322.036;0.738477;32.4234
323.115;0.742578;32.461
324.196;0.74668;32.4986
325.278;0.75082;32.5362
326.361;0.754961;32.5737
327.446;0.759141;32.5737
328.532;0.76332;32.6487
329.619;0.7675;32.6861
330.707;0.771719;32.7236
331.797;0.775937;32.7771
332.887;0.780156;32.7983
333.979;0.784414;32.8518
335.073;0.788672;32.8729
336.167;0.79293;32.9101
337.263;0.797227;32.9473
338.36;0.801562;32.9845
339.458;0.805898;33.0217
340.558;0.810234;33.0588
341.658;0.81457;33.0959
342.76;0.818945;33.1329
343.863;0.82332;33.1699
344.968;0.827695;33.2233
346.073;0.832109;33.2439
347.18;0.836523;33.2808
348.288;0.840977;33.3177
349.398;0.84543;33.371
350.508;0.849883;33.4079
351.62;0.854375;33.4281
352.733;0.858867;33.4815
353.847;0.863359;33.5182
354.963;0.867891;33.5383
356.08;0.872422;33.5916
357.198;0.876992;33.6115
358.317;0.881562;33.6481
359.437;0.886133;33.7014
360.559;0.890742;33.7212
361.681;0.895352;33.7577
362.805;0.9;33.7941
363.931;0.904648;33.7941
365.057;0.909297;33.8669
366.185;0.913984;33.9033
367.314;0.918672;33.9396
368.444;0.923398;33.9759
369.575;0.928125;33.9759
370.708;0.932852;34.0483
371.841;0.937656;34.0845
372.976;0.942422;34.1207
374.112;0.947187;34.1568
375.25;0.951992;34.2099
376.388;0.956797;34.2289
377.528;0.961641;34.265
378.669;0.966484;34.301
379.811;0.971328;34.3369
380.954;0.976211;34.3728
382.099;0.981094;34.4087
383.245;0.986016;34.4087
384.392;0.990937;34.4804
385.54;0.995859;34.5162
386.689;1.00082;34.5519
387.84;1.00578;34.5877
388.991;1.01078;34.6233
390.144;1.01578;34.659
391.298;1.02078;34.6935
392.454;1.02582;34.7257
393.61;1.03238;34.7543
394.767;1.04176;34.7885
395.926;1.05543;34.8225
397.085;1.07105;34.8563
398.246;1.08816;34.8901
399.408;1.10758;34.9239
400.57;1.12977;34.9583
401.734;1.15484;34.9931
402.899;1.18293;35.0455
404.065;1.21391;35.0806
405.232;1.24766;35.099
406.4;1.28406;35.1514
407.569;1.32289;35.1345
408.739;1.36387;35.2073
409.91;1.40688;35.2578
411.083;1.45172;35.2732
412.256;1.49949;35.3007
413.431;1.55152;35.323
414.606;1.60871;35.3602
415.781;1.67246;35.3421
416.957;1.74453;35.3378
418.132;1.8259;35.3218
419.306;1.91844;35.2939
420.48;2.0227;35.2512
421.652;2.13941;35.1926
422.823;2.27059;35.2203
423.991;2.41625;35.0358
425.155;2.57699;34.9311
426.316;2.75445;34.9311
427.473;2.94898;34.699
428.624;3.15812;34.5681
429.769;3.38797;34.4569
430.911;3.63219;34.3536
432.045;3.89461;34.2577
433.174;4.17301;34.1724
434.297;4.46762;34.2212
435.413;4.77941;34.032
436.522;5.1082;33.9794
437.624;5.45254;33.9201
438.717;5.81434;33.8795
439.802;6.19324;33.8465
440.88;6.58855;33.8886
441.949;7.00043;33.7887
443.009;7.42883;33.7753
444.06;7.87379;33.7771
445.102;8.33355;33.7854
446.137;8.80937;33.8075
447.164;9.29863;33.832
448.182;9.80285;33.8638
449.194;10.3205;33.9214
450.198;10.8517;33.9358
451.195;11.3958;33.9678
452.185;11.9514;33.9931
453.169;12.5209;34.0105
454.145;13.1019;34.0508
455.115;13.6962;34.0239
456.076;14.3013;34.0225
457.029;14.9186;34.0161
457.975;15.5475;34.0033
458.913;16.1879;34.0405
459.842;16.8403;33.954
460.762;17.5046;33.954
461.674;18.1813;33.8586
462.574;18.8733;33.8586
463.465;19.5764;33.7339
464.341;20.2928;33.6696
465.206;21.0215;33.6696
466.059;21.7623;33.5671
466.901;22.5148;33.5281
467.733;23.2785;33.5844
468.552;24.0537;33.468
469.36;24.8405;33.4447
470.155;25.6416;33.5024
470.937;26.4518;33.4461
471.704;27.2733;33.4563
472.46;28.1049;33.4735
473.204;28.9462;33.4968
473.937;29.7973;33.5255
474.658;30.6576;33.5588
475.369;31.5268;33.5958
476.069;32.4045;33.6324
476.76;33.2924;33.6732
477.442;34.1876;33.7355
478.114;35.0891;33.7785
478.779;35.9971;33.8
479.438;36.911;33.8446
480.09;37.8307;33.9076
480.738;38.7553;33.9491
481.381;39.6843;33.9667
482.02;40.6179;33.9982
482.654;41.5562;34.0239
483.282;42.4998;34.0398
483.904;43.4505;34.0471
484.518;44.4055;34.047
485.121;45.3662;34.0376
485.716;46.3348;34.0183
486.302;47.3071;34.0536
486.875;48.2861;33.9364
487.437;49.2724;33.9364
487.985;50.2653;33.7907
488.517;51.2677;33.7051
489.034;52.2757;33.608
489.533;53.29;33.608
490.016;54.31;33.4997
490.482;55.3355;33.2585
490.93;56.3664;33.1274
491.36;57.4019;32.9723
491.772;58.4418;32.8144
492.162;59.4882;32.6644
492.534;60.5377;32.6644
492.884;61.5894;32.3553
493.214;62.6437;32.3839
493.525;63.7001;32.2341
493.816;64.7576;31.9056
494.087;65.8164;31.7601
494.338;66.8763;31.6254
494.569;67.9376;31.5084
494.778;69;31.4198
494.968;70.0623;31.3401
495.137;71.1236;31.2779
495.286;72.1847;31.2273
495.417;73.2448;31.2796
495.528;74.3045;31.2431
495.621;75.3632;31.149
495.694;76.4209;31.1356
495.748;77.477;31.1356
495.783;78.5313;31.1106
495.799;79.5836;31.0966
495.796;80.6336;31.0783
495.775;81.6809;31.0589
495.735;82.7255;31.0391
495.678;83.7677;31.0188
495.603;84.807;31.0003
495.511;85.8435;30.9942
495.404;86.8762;30.9968
495.279;87.9071;31.0171
495.141;88.9367;31.0442
494.989;89.9643;31.0771
494.823;90.99;31.1139
494.645;92.0142;31.1552
494.454;93.0369;31.2
494.251;94.058;31.2473
494.038;95.0779;31.2926
493.814;96.0971;31.346
493.582;97.1144;31.346
493.34;98.1316;31.4456
493.093;99.1495;31.4969
492.838;100.166;31.5468
492.578;101.184;31.5975
492.314;102.201;31.6475
492.045;103.22;31.6949
491.773;104.239;31.7453
491.499;105.259;31.7453
491.222;106.279;31.8388
490.943;107.302;31.883
490.664;108.325;31.9398
490.387;109.351;31.956
490.113;110.379;32.003
489.843;111.409;31.9961
489.58;112.442;32.0033
489.325;113.478;32.0001
489.08;114.516;31.9856
488.846;115.557;31.958
488.623;116.601;31.9189
488.414;117.647;31.8678
488.218;118.696;31.8036
488.037;119.746;31.7297
487.872;120.798;31.6468
487.722;121.851;31.5528
487.59;122.905;31.4507
487.475;123.959;31.3452
487.377;125.013;31.2319
487.298;126.066;31.2319
487.238;127.118;30.9888
487.195;128.168;31.0167
487.172;129.216;30.7342
487.169;130.261;30.5972
487.184;131.304;30.4545
487.22;132.342;30.3127
487.278;133.377;30.1844
487.355;134.406;30.0522
487.454;135.429;29.9239
487.571;136.446;29.7982
487.709;137.456;29.8261
487.865;138.46;29.6758
488.041;139.457;29.4754
488.236;140.447;29.4053
488.45;141.43;29.3388
488.681;142.406;29.2798
488.936;143.376;29.2368
489.497;145.288;29.2388
490.13;147.167;29.2618
490.827;149.015;29.28
491.587;150.832;29.3577
492.412;152.618;29.4115
493.289;154.379;29.5096
494.213;156.115;29.614
495.175;157.837;29.7197
496.167;159.547;29.821
497.182;161.252;29.8997
498.221;162.953;29.9575
499.282;164.641;30.0175
500.373;166.313;30.0272
501.501;167.963;29.9949
502.672;169.584;29.9231
503.278;170.381;29.804
504.521;171.944;29.8378
505.808;173.469;29.8041
507.137;174.957;29.7802
508.505;176.407;29.8779
509.91;177.826;29.9385
510.623;178.528;30.0001
511.34;179.226;30.0521
512.059;179.922;30.0878
512.779;180.619;30.0878
513.497;181.32;30.1029
514.211;182.026;30.1029
514.917;182.739;30.1502
515.617;183.46;30.0698
516.31;184.188;30.0563
516.997;184.923;30.0494
517.675;185.666;30.0465
518.344;186.416;30.0481
519.004;187.174;30.0545
519.655;187.939;30.0657
520.296;188.712;30.0812
520.929;189.492;30.1006
521.554;190.28;30.1234
522.17;191.074;30.149
522.778;191.875;30.1759
523.379;192.683;30.2062
523.973;193.496;30.2372
524.56;194.314;30.269
525.142;195.137;30.3019
525.719;195.965;30.3019
526.292;196.796;30.3685
526.861;197.632;30.4023
527.428;198.47;30.4626
527.992;199.312;30.4707
528.555;200.155;30.5011
529.119;200.999;30.5258
529.685;201.842;30.5428
530.256;202.684;30.5815
530.832;203.523;30.5482
531.415;204.357;30.537
532.007;205.186;30.5266
532.607;206.008;30.5181
533.215;206.824;30.5137
533.832;207.635;30.5686
534.456;208.441;30.5062
535.088;209.24;30.4968
535.73;210.031;30.484
536.382;210.815;30.466
537.043;211.589;30.5
537.715;212.353;30.4231
538.397;213.107;30.4759
539.089;213.852;30.4231
539.789;214.589;30.4231
540.498;215.318;30.442
541.215;216.039;30.461
541.941;216.752;30.4759
542.675;217.456;30.4887
543.418;218.152;30.4887
544.168;218.839;30.5197
544.927;219.517;30.5461
545.694;220.188;30.6048
546.466;220.852;30.6357
547.245;221.51;30.6436
548.03;222.162;30.6981
548.821;222.81;30.7039
549.618;223.45;30.727
550.421;224.084;30.7449
551.231;224.712;30.7449
552.045;225.333;30.76
552.867;225.944;30.7601
553.696;226.548;30.7601
554.531;227.142;30.7398
555.374;227.726;30.7169
556.224;228.299;30.6871
557.082;228.861;30.7311
557.946;229.41;30.6356
558.818;229.947;30.6206
559.698;230.474;30.6144
560.582;230.99;30.6144
561.475;231.494;30.6075
562.374;231.987;30.6642
563.279;232.468;30.632
564.19;232.937;30.6507
565.108;233.394;30.6507
566.032;233.839;30.7096
566.96;234.274;30.7431
567.895;234.697;30.7431
568.836;235.111;30.8243
569.779;235.515;30.8674
570.729;235.91;30.9117
571.684;236.298;30.9613
572.641;236.678;31.0106
573.603;237.052;31.0598
574.569;237.42;31.1082
575.538;237.784;31.1616
576.508;238.143;31.2187
577.483;238.499;31.2705
578.461;238.854;31.3167
579.44;239.205;31.3657
580.423;239.556;31.4197
581.407;239.905;31.472
582.393;240.253;31.5224
583.383;240.601;31.5756
584.373;240.948;31.6259
585.365;241.295;31.6259
586.36;241.641;31.7241
587.357;241.985;31.7193
588.358;242.324;31.7932
589.362;242.659;31.818
590.367;242.987;31.8353
591.378;243.306;31.8353
592.393;243.617;31.8761
593.41;243.918;31.901
594.432;244.21;31.9255
595.458;244.496;31.9537
596.486;244.772;31.9832
597.518;245.039;32.0162
598.555;245.296;32.0531
599.594;245.544;32.0874
600.637;245.781;32.1349
601.681;246.011;32.1791
602.729;246.231;32.225
603.781;246.443;32.2725
604.837;246.65;32.3238
605.893;246.849;32.3739
606.953;247.041;32.4288
608.015;247.228;32.4782
609.08;247.409;32.5305
610.148;247.585;32.5837
611.218;247.757;32.6382
612.289;247.925;32.6889
613.363;248.091;32.7413
614.44;248.255;32.7949
615.518;248.416;32.8479
616.598;248.576;32.8479
617.681;248.734;32.9535
618.765;248.891;33.0083
619.851;249.047;33.0593
620.939;249.203;33.1088
622.03;249.359;33.1635
623.12;249.514;33.217
624.213;249.669;33.2668
625.309;249.824;33.3194
626.405;249.979;33.3194
627.504;250.134;33.4249
628.604;250.289;33.4748
629.706;250.445;33.528
630.809;250.601;33.567
631.917;250.757;33.6242
633.021;250.912;33.6766
634.128;251.068;33.7275
635.24;251.225;33.78
636.352;251.382;33.8316
637.466;251.54;33.8834
638.581;251.697;33.9349
639.698;251.855;33.9866
640.816;252.013;34.0381
641.937;252.171;34.0896
643.059;252.33;34.1425
644.183;252.489;34.1937
645.308;252.648;34.2436
646.435;252.807;34.2949
647.564;252.967;34.3475
648.694;253.127;34.3981
649.826;253.287;34.4494
650.96;253.447;34.5007
652.095;253.608;34.5521
653.233;253.769;34.6044
654.372;253.931;34.6555
655.512;254.092;34.6542
656.654;254.254;34.7576
657.798;254.416;34.8086
658.943;254.578;34.8599
660.09;254.74;34.9114
661.239;254.903;34.9627
662.39;255.066;35.0138
663.542;255.23;35.065
664.696;255.394;35.065
665.852;255.557;35.1672
667.009;255.721;35.2191
668.167;255.886;35.2705
669.327;256.05;35.3222
670.49;256.215;35.3741
671.654;256.38;35.4246
672.82;256.546;35.4246
673.988;256.712;35.5266
675.157;256.878;35.5783
676.327;257.044;35.6301
677.498;257.211;35.6818
678.672;257.377;35.7333
679.848;257.544;35.7849
681.025;257.711;35.8366
682.205;257.879;35.8871
683.386;258.048;35.9366
684.569;258.216;35.9854
685.752;258.386;35.9854
686.936;258.559;36.0698
688.122;258.735;36.1059
689.308;258.918;36.1376
690.494;259.109;36.1756
691.681;259.307;36.2127
692.869;259.511;36.2486
694.058;259.721;36.2885
695.244;259.937;36.3285
696.431;260.161;36.3285
697.619;260.391;36.3983
698.806;260.629;36.4249
699.992;260.879;36.46
701.177;261.139;36.4998
702.362;261.408;36.5355
703.547;261.685;36.5806
704.73;261.969;36.5806
705.912;262.261;36.677
707.094;262.559;36.6728
708.276;262.865;36.7704
709.458;263.179;36.8164
710.639;263.5;36.8592
711.819;263.829;36.892
713;264.168;36.9246
714.179;264.513;36.9474
715.353;264.867;36.9585
716.528;265.23;36.9612
717.699;265.606;36.9661
718.867;265.994;36.9737
720.032;266.394;37.0266
721.193;266.805;36.9995
722.354;267.227;37.0208
723.511;267.659;37.0452
724.663;268.101;37.068
725.813;268.554;37.0965
726.96;269.018;37.129
728.101;269.496;37.1798
729.24;269.985;37.2032
730.373;270.486;37.2491
731.504;270.996;37.298
732.632;271.518;37.3456
733.756;272.046;37.3456
734.877;272.585;37.4444
735.996;273.133;37.491
737.11;273.69;37.5259
738.222;274.257;37.5627
739.33;274.834;37.5794
740.434;275.418;37.6081
741.535;276.016;37.5971
742.631;276.62;37.5929
743.719;277.238;37.5779
744.802;277.868;37.607
745.876;278.511;37.508
746.943;279.167;37.5337
748;279.837;37.4773
749.05;280.52;37.4004
750.09;281.221;37.1961
751.118;281.931;37.0737
752.131;282.658;36.9438
753.135;283.398;36.7999
754.122;284.154;36.6484
755.096;284.926;36.483
756.054;285.711;36.4979
756.997;286.512;36.114
757.925;287.333;35.9647
758.829;288.164;35.809
759.712;289.009;35.6364
760.58;289.866;35.475
761.433;290.736;35.3103
762.265;291.618;35.1492
763.079;292.512;34.9263
763.874;293.417;34.723
764.646;294.344;34.6126
765.398;295.281;34.5088
766.12;296.224;34.4181
766.826;297.176;34.4181
767.514;298.137;34.3399
768.184;299.107;34.1912
768.836;300.086;34.1293
769.468;301.075;34.1293
770.079;302.071;33.8974
770.663;303.087;33.8974
771.227;304.107;33.8797
771.759;305.13;33.8178
772.272;306.161;33.6836
772.766;307.195;33.6427
773.241;308.235;33.6427
773.698;309.279;33.5496
774.136;310.33;33.4953
774.555;311.386;33.5163
774.955;312.447;33.3178
775.326;313.521;33.27
775.678;314.597;33.3053
776.002;315.672;33.1587
776.307;316.752;33.1051
776.593;317.834;33.0551
776.862;318.918;33.011
777.112;320.005;32.9655
777.343;321.092;32.901
777.557;322.183;32.9305
777.749;323.276;32.7239
777.915;324.376;32.7616
778.062;325.473;32.5999
778.181;326.566;32.5373
778.283;327.662;32.4727
778.366;328.756;32.4092
778.43;329.849;32.3462
778.474;330.942;32.288
778.501;332.032;32.2306
778.508;333.121;32.1458
778.498;334.208;32.0696
778.463;335.295;32.0085
778.412;336.378;31.9376
778.335;337.454;31.9814
778.241;338.529;31.8425
778.128;339.599;31.8209
777.997;340.666;31.8105
777.848;341.73;31.8105
777.682;342.791;31.82
777.497;343.848;31.837
777.296;344.901;31.8926
777.077;345.949;31.8637
776.841;346.994;31.8744
776.587;348.034;31.8808
776.316;349.068;31.9193
776.029;350.097;31.8806
775.725;351.12;31.881
775.407;352.138;31.8918
775.074;353.151;31.9132
774.726;354.158;31.9499
774.364;355.163;32.0066
773.988;356.165;32.0523
773.602;357.163;32.075
773.203;358.156;32.1152
772.79;359.144;32.1506
772.364;360.129;32.1802
771.926;361.108;32.2265
771.475;362.083;32.2438
771.012;363.052;32.2242
770.535;364.015;32.2658
770.045;364.972;32.2211
769.541;365.923;32.2055
769.024;366.867;32.1825
768.491;367.803;32.1581
767.945;368.73;32.1258
767.386;369.648;32.1623
766.813;370.557;32.0354
766.228;371.457;31.975
765.628;372.347;31.9087
765.015;373.227;31.8439
764.386;374.094;31.7846
763.742;374.95;31.7368
763.082;375.795;31.7065
762.411;376.628;31.6682
761.726;377.446;31.6309
761.028;378.253;31.5905
760.317;379.046;31.6258
759.594;379.826;31.4982
758.858;380.592;31.451
758.109;381.343;31.3924
757.35;382.08;31.4226
756.576;382.801;31.259
755.789;383.505;31.2024
754.991;384.194;31.145
754.182;384.864;31.0857
753.363;385.519;31.0256
752.534;386.158;31.0581
751.695;386.78;30.9027
750.846;387.387;30.8401
749.989;387.977;30.777
749.122;388.55;30.6982
748.246;389.107;30.6176
747.359;389.643;30.5434
746.463;390.161;30.4795
745.561;390.66;30.4107
744.652;391.139;30.347
743.736;391.601;30.2812
742.814;392.046;30.2167
741.886;392.473;30.2167
740.952;392.882;30.0812
740.013;393.274;30.0121
739.068;393.647;29.9196
738.119;394.002;29.8339
737.16;394.333;29.7767
736.2;394.646;29.8281
735.237;394.936;29.7095
734.271;395.209;29.6913
733.302;395.466;29.6861
732.329;395.707;29.6887
731.353;395.93;29.7008
730.374;396.139;29.7241
729.392;396.332;29.7852
728.408;396.509;29.8245
727.421;396.67;29.8241
726.427;396.812;29.8767
725.433;396.941;29.9307
724.44;397.054;30.046
722.447;397.242;30.1128
721.448;397.322;30.1832
720.446;397.392;30.2559
719.441;397.458;30.3237
718.434;397.522;30.3232
717.425;397.586;30.4486
716.411;397.648;30.5037
715.394;397.71;30.5597
714.378;397.771;30.6107
713.362;397.834;30.663
712.344;397.899;30.7146
711.325;397.966;30.7689
710.306;398.035;30.8221
709.283;398.107;30.8851
708.259;398.182;30.9272
707.233;398.261;30.9773
706.203;398.343;31.0225
705.17;398.428;31.0722
704.137;398.516;31.132
703.106;398.605;31.1692
702.073;398.697;31.196
701.041;398.792;31.2296
700.007;398.892;31.2581
698.973;398.997;31.2954
697.938;399.111;31.2861
696.902;399.235;31.296
695.865;399.373;31.3075
694.827;399.523;31.3286
693.793;399.681;31.3424
692.762;399.85;31.3497
691.73;400.027;31.3943
690.702;400.214;31.3563
689.676;400.414;31.3453
688.651;400.624;31.3128
687.629;400.849;31.2674
686.609;401.091;31.2674
685.591;401.356;31.2105
684.579;401.632;31.196
683.579;401.925;31.1789
682.578;402.228;31.1654
681.584;402.545;31.153
680.594;402.874;31.1317
679.61;403.217;31.1022
678.631;403.576;31.1212
677.659;403.949;31.0446
676.689;404.348;30.9581
675.73;404.758;30.99
674.787;405.187;30.8648
673.851;405.632;30.8139
672.924;406.091;30.7638
672.006;406.562;30.7638
671.097;407.048;30.7432
670.197;407.547;30.5603
669.306;408.061;30.4731
668.424;408.6;30.3994
667.554;409.153;30.3364
666.704;409.722;30.2645
665.87;410.306;30.2645
665.047;410.904;30.1191
664.236;411.516;30.0439
663.438;412.141;29.9673
662.654;412.779;29.8679
661.884;413.431;29.7511
661.13;414.101;29.6365
660.393;414.789;29.5519
659.671;415.487;29.3727
658.292;416.921;29.2175
656.973;418.399;29.1083
655.707;419.913;29.0236
654.497;421.469;28.9294
653.362;423.072;28.8623
652.303;424.711;28.8568
651.315;426.383;28.7137
650.395;428.084;28.644
649.544;429.813;28.577
648.761;431.567;28.5067
648.047;433.345;28.4352
647.402;435.144;28.3984
646.826;436.962;28.4191
646.313;438.797;28.4697
645.859;440.649;28.5498
645.462;442.515;28.648
645.12;444.395;28.7591
644.824;446.288;28.8761
644.568;448.192;28.9959
644.342;450.106;29.1154
644.139;452.03;29.1742
643.951;453.964;29.3466
643.773;455.906;29.4639
643.6;457.856;29.5553
643.437;459.813;29.6348
643.293;461.779;29.684
643.18;463.751;29.6999
643.108;465.728;29.7368
643.087;467.709;29.7405
643.119;469.691;29.7061
643.2;471.674;29.7764
643.332;473.659;29.806
643.518;475.64;29.8866
643.754;477.62;29.9824
644.036;479.595;30.0876
644.359;481.57;30.1418
644.535;482.558;30.1961
644.717;483.547;30.2524
644.906;484.535;30.3091
645.101;485.524;30.3652
645.302;486.514;30.4215
645.507;487.504;30.4782
645.716;488.496;30.5332
645.929;489.488;30.5905
646.144;490.481;30.6441
646.361;491.476;30.6945
646.577;492.474;30.7378
646.79;493.474;30.7378
646.999;494.477;30.8155
647.201;495.482;30.8585
647.398;496.49;30.902
647.59;497.5;30.9408
647.778;498.513;30.9744
647.959;499.528;31.0024
648.132;500.546;31.0024
648.296;501.566;31.0356
648.451;502.588;31.0363
648.593;503.614;31.0363
648.726;504.641;31.0561
648.845;505.668;31.1106
648.956;506.7;31.0969
649.055;507.733;31.0969
649.144;508.768;31.1622
649.22;509.804;31.1429
649.283;510.842;31.1473
649.332;511.881;31.1436
649.369;512.921;31.1355
649.391;513.963;31.1355
649.4;515.002;31.1053
649.394;516.04;31.0783
649.373;517.079;31.0459
649.336;518.117;31.0063
649.282;519.154;30.9597
649.212;520.189;30.9054
649.124;521.222;30.8418
649.02;522.252;30.7741
648.898;523.281;30.7123
648.759;524.307;30.7123
648.603;525.326;30.6712
648.429;526.34;30.476
648.238;527.35;30.3856
648.029;528.355;30.4237
647.801;529.353;30.2294
647.554;530.346;30.1731
647.291;531.332;30.2282
647.012;532.312;30.1279
646.715;533.289;30.0746
646.401;534.258;30.0724
646.072;535.219;30.0675
645.725;536.171;30.0752
645.363;537.119;30.0911
644.985;538.057;30.1144
644.591;538.99;30.1728
644.182;539.915;30.178
643.759;540.834;30.2404
643.325;541.746;30.2657
642.876;542.654;30.3044
642.412;543.558;30.355
641.941;544.458;30.4058
641.457;545.348;30.4681
640.964;546.236;30.5094
640.462;547.12;30.5094
639.952;548;30.6155
639.435;548.879;30.6691
638.912;549.755;30.6691
638.384;550.63;30.7742
637.849;551.507;30.8207
637.31;552.384;30.8655
636.767;553.258;30.9055
636.22;554.128;30.9509
635.666;554.997;30.9678
635.109;555.861;30.9856
634.54;556.725;30.996
633.966;557.583;30.9994
633.381;558.438;30.9886
632.79;559.285;30.9613
632.186;560.127;30.9203
631.569;560.96;30.9203
630.942;561.784;30.8101
630.302;562.593;30.7364
629.65;563.393;30.7669
628.987;564.18;30.5546
628.311;564.956;30.45
627.623;565.718;30.3179
626.923;566.466;30.1912
626.208;567.201;30.2168
625.477;567.91;29.93
624.734;568.609;29.9588
623.983;569.283;29.6769
623.22;569.944;29.5583
622.448;570.587;29.4541
621.665;571.214;29.3707
620.074;572.42;29.2903
618.445;573.561;29.089
616.775;574.63;29.065
615.078;575.624;29.0834
613.353;576.555;29.1647
611.601;577.425;29.1965
609.822;578.238;29.2787
608.02;579.001;29.3667
606.201;579.72;29.4763
604.366;580.409;29.5209
602.516;581.07;29.5658
600.652;581.703;29.6302
598.772;582.3;29.6398
596.881;582.862;29.7281
594.978;583.398;29.7484
593.062;583.903;29.8084
591.133;584.377;29.9024
589.195;584.825;29.9397
587.249;585.25;30.0064
585.295;585.658;30.0732
583.335;586.053;30.1056
582.351;586.246;30.1365
581.366;586.438;30.1685
580.379;586.628;30.2279
579.393;586.817;30.2307
578.405;587.005;30.2617
577.416;587.192;30.2919
576.425;587.379;30.3222
575.434;587.565;30.3518
574.441;587.751;30.382
573.447;587.937;30.4085
572.451;588.123;30.4085
571.455;588.307;30.456
570.458;588.488;30.4724
569.459;588.665;30.4961
568.459;588.837;30.5537
567.458;589.005;30.5455
566.455;589.171;30.57
565.45;589.334;30.595
564.444;589.493;30.6196
563.436;589.647;30.6445
562.427;589.798;30.6707
561.417;589.944;30.6962
560.405;590.087;30.7226
559.392;590.227;30.7491
558.379;590.364;30.7755
557.363;590.498;30.8023
556.347;590.63;30.8584
555.329;590.76;30.8554
554.31;590.888;30.8818
553.29;591.015;30.9082
552.27;591.14;30.9347
551.248;591.264;30.99
550.225;591.388;30.9867
549.201;591.511;31.0126
548.177;591.633;31.0384
547.151;591.755;31.0644
546.125;591.877;31.0898
545.097;591.998;31.1455
544.069;592.119;31.141
543.04;592.24;31.1661
542.01;592.361;31.1915
540.979;592.482;31.2167
539.948;592.603;31.2418
538.915;592.724;31.2669
537.882;592.845;31.2919
536.848;592.966;31.317
535.813;593.088;31.3418
534.777;593.209;31.3665
533.741;593.331;31.3912
532.703;593.452;31.3912
531.665;593.574;31.4147
530.626;593.694;31.4534
529.586;593.812;31.466
528.545;593.926;31.4716
527.503;594.034;31.4673
526.46;594.134;31.4558
525.416;594.226;31.4342
524.371;594.306;31.402
523.326;594.375;31.3572
522.28;594.432;31.3013
521.235;594.474;31.2325
520.19;594.503;31.1648
519.147;594.516;31.212
518.104;594.514;31.0485
517.063;594.497;30.9996
516.023;594.467;30.9545
514.984;594.422;30.92
513.946;594.361;30.8925
512.912;594.285;30.873
511.879;594.194;30.8613
510.849;594.088;30.8571
509.822;593.967;30.9111
508.798;593.831;30.8665
507.776;593.682;30.8783
506.756;593.519;30.8948
505.739;593.343;30.9154
504.724;593.155;30.9389
503.712;592.955;30.9643
502.702;592.745;30.9919
501.693;592.526;31.0204
500.685;592.298;31.05
499.679;592.062;31.0799
498.673;591.819;31.1434
497.668;591.57;31.1737
496.662;591.317;31.1756
495.657;591.062;31.1998
494.651;590.808;31.2279
493.643;590.557;31.2544
492.633;590.308;31.3144
491.622;590.058;31.3042
490.61;589.811;31.3289
489.597;589.566;31.3545
488.582;589.324;31.3755
487.564;589.086;31.4033
486.547;588.851;31.4286
485.528;588.619;31.4538
484.507;588.39;31.4801
483.484;588.164;31.5056
482.46;587.94;31.5629
481.434;587.719;31.5572
480.407;587.5;31.5834
479.379;587.283;31.6393
478.349;587.067;31.6324
477.319;586.853;31.6591
476.288;586.639;31.6849
475.257;586.427;31.7093
474.223;586.215;31.735
473.189;586.004;31.7592
472.153;585.794;31.7844
471.117;585.583;31.8405
470.079;585.374;31.8346
469.041;585.164;31.8513
468.001;584.954;31.8786
466.963;584.744;31.8995
465.924;584.537;31.9237
464.881;584.331;31.9486
463.838;584.126;31.972
462.794;583.921;31.9963
461.749;583.717;32.052
460.703;583.514;32.0457
459.656;583.312;32.0882
458.606;583.111;32.0861
457.56;582.911;32.1106
456.513;582.712;32.1343
455.461;582.513;32.1594
454.41;582.315;32.1828
453.357;582.118;32.2074
452.303;581.921;32.2315
451.249;581.724;32.2554
450.194;581.528;32.2794
449.138;581.332;32.3035
448.082;581.137;32.3273
447.024;580.941;32.3513
445.966;580.746;32.3754
444.907;580.551;32.4304
443.846;580.356;32.4227
442.785;580.16;32.4469
441.724;579.965;32.5015
440.662;579.77;32.4948
439.599;579.574;32.5188
438.535;579.379;32.5736
437.469;579.183;32.5664
436.404;578.987;32.5908
435.337;578.791;32.6145
434.27;578.596;32.6371
433.202;578.4;32.658
432.133;578.202;32.6756
431.065;578.002;32.6881
429.997;577.797;32.7279
428.929;577.587;32.6888
427.862;577.369;32.6768
426.797;577.143;32.7207
425.734;576.907;32.6576
424.674;576.662;32.653
423.616;576.408;32.6475
422.558;576.146;32.6449
421.503;575.875;32.6455
420.45;575.594;32.6939
419.4;575.303;32.6423
418.354;575.001;32.6317
417.311;574.688;32.6317
416.271;574.361;32.5846
415.235;574.021;32.5513
414.205;573.669;32.5139
413.183;573.303;32.4715
412.166;572.926;32.4215
411.156;572.535;32.3641
410.151;572.131;32.2981
409.153;571.714;32.322
408.162;571.283;32.1241
407.178;570.831;32.0629
406.202;570.366;32.0205
405.24;569.888;31.9724
404.287;569.396;31.9253
403.341;568.894;31.8683
402.404;568.377;31.811
401.473;567.849;31.7277
400.554;567.306;31.6326
399.646;566.744;31.6326
398.75;566.165;31.5019
397.87;565.576;31.4502
397.006;564.973;31.5065
396.148;564.36;31.3807
395.3;563.735;31.3475
394.46;563.099;31.3311
393.632;562.452;31.3311
392.813;561.793;31.3053
392.004;561.117;31.3095
391.206;560.432;31.3264
390.423;559.739;31.3889
389.651;559.037;31.3991
388.885;558.326;31.3668
388.124;557.608;31.372
387.372;556.88;31.3704
386.629;556.145;31.4134
385.896;555.4;31.3418
385.173;554.64;31.3272
384.457;553.88;31.3059
383.756;553.112;31.2762
383.063;552.334;31.2762
382.377;551.55;31.241
381.702;550.758;31.1485
381.039;549.957;31.1485
380.388;549.147;31.0259
379.75;548.331;30.9452
379.127;547.501;30.8646
378.516;546.664;30.7753
377.925;545.818;30.6805
377.347;544.965;30.5787
376.785;544.105;30.4739
376.239;543.237;30.3737
375.71;542.362;30.2691
375.197;541.482;30.2994
374.7;540.596;30.0033
374.222;539.7;29.859
373.761;538.797;29.7341
373.318;537.89;29.6013
372.899;536.979;29.6301
372.497;536.063;29.2392
371.749;534.221;28.99
371.075;532.367;28.7573
370.479;530.497;28.5704
369.961;528.619;28.3997
369.525;526.737;28.2282
369.167;524.856;28.1812
368.886;522.975;28.0234
368.682;521.094;27.7664
368.556;519.219;27.6369
368.509;517.354;27.5745
368.535;515.5;27.3968
368.633;513.658;27.279
368.802;511.829;27.164
369.041;510.016;27.0904
369.352;508.223;27.0832
369.725;506.446;27.109
370.155;504.684;27.157
370.645;502.938;27.2438
371.184;501.206;27.3251
371.761;499.481;27.412
372.372;497.766;27.4962
373.008;496.053;27.5786
373.66;494.342;27.657
374.323;492.629;27.731
374.992;490.913;27.8044
375.665;489.193;27.9034
376.34;487.469;27.9415
377.017;485.741;28.0074
377.695;484.008;28.0711
378.375;482.271;28.1358
379.055;480.53;28.1975
379.737;478.784;28.2888
380.42;477.035;28.3502
381.104;475.281;28.3829
381.789;473.523;28.4456
382.476;471.762;28.507
383.164;469.996;28.5973
383.853;468.227;28.6287
384.544;466.454;28.7155
385.237;464.676;28.7552
385.931;462.895;28.8144
386.628;461.111;28.8721
387.337;459.327;28.9375
388.055;457.542;28.9997
388.782;455.755;29.0668
389.519;453.969;29.1344
390.267;452.182;29.2014
391.024;450.393;29.2654
391.789;448.604;29.3138
392.571;446.817;29.3372
393.377;445.039;29.3348
394.217;443.273;29.2967
395.097;441.527;29.2319
396.021;439.805;29.2042
396.99;438.109;29.169
398.003;436.439;29.1772
399.058;434.795;29.1894
400.161;433.18;29.1959
401.313;431.597;29.232
402.509;430.054;29.2887
403.741;428.537;29.3579
405.008;427.045;29.4517
406.306;425.575;29.5002
407.639;424.116;29.5761
408.986;422.68;29.6724
410.347;421.254;29.7148
411.721;419.833;29.7749
413.112;418.423;29.8296
414.522;417.012;29.8928
415.937;415.612;29.9504
417.36;414.219;30.0095
418.793;412.831;30.0668
420.236;411.446;30.0938
420.96;410.753;30.1136
421.69;410.058;30.1413
422.419;409.364;30.1671
423.146;408.674;30.1917
423.875;407.983;30.2164
424.604;407.293;30.2735
425.335;406.603;30.2981
426.067;405.912;30.2913
426.799;405.22;30.3161
427.533;404.528;30.34
428.267;403.836;30.3576
429.005;403.14;30.4162
429.742;402.445;30.4382
430.477;401.752;30.4242
431.213;401.058;30.4242
431.949;400.364;30.5015
432.686;399.669;30.5224
433.423;398.974;30.5082
434.161;398.278;30.5289
434.9;397.581;30.5492
435.639;396.885;30.5676
436.38;396.186;30.5848
437.122;395.486;30.6037
437.863;394.788;30.6223
438.602;394.09;30.6394
439.343;393.392;30.6575
440.084;392.693;30.6751
440.825;391.993;30.6929
441.567;391.293;30.7106
442.309;390.592;30.7661
443.051;389.892;30.7453
443.794;389.19;30.7589
444.54;388.487;30.8157
445.285;387.783;30.7748
446.029;387.081;30.8056
446.773;386.379;30.8205
447.517;385.676;30.8355
448.262;384.973;30.8505
449.007;384.27;30.8655
449.752;383.566;30.8805
450.498;382.862;30.8952
451.243;382.157;30.9501
451.991;381.451;30.9198
452.739;380.744;30.9766
453.487;380.039;30.9331
454.233;379.334;30.9582
454.98;378.628;30.9709
455.727;377.922;30.9709
456.475;377.216;31.0393
457.223;376.509;31.0084
457.971;375.803;31.0197
458.72;375.095;31.0746
459.47;374.386;31.0366
460.222;373.676;31.0466
460.971;372.968;31.0574
461.718;372.262;31.0655
462.467;371.554;31.0763
463.215;370.846;31.1319
463.964;370.138;31.0964
464.714;369.429;31.1067
465.464;368.721;31.1156
466.215;368.012;31.1234
466.967;367.302;31.1246
467.721;366.59;31.1331
468.474;365.88;31.1896
469.223;365.173;31.1461
469.972;364.464;31.155
470.721;363.756;31.2107
471.471;363.047;31.1707
472.222;362.337;31.1753
472.973;361.626;31.2221
473.722;360.913;31.1647
474.472;360.194;31.1647
475.216;359.472;31.1262
475.952;358.747;31.0998
476.679;358.021;31.0998
477.399;357.287;31.0199
478.113;356.547;31.0199
478.818;355.799;30.8917
479.517;355.043;30.8917
480.204;354.28;30.7
480.879;353.509;30.7303
481.54;352.72;30.5902
482.187;351.928;30.4025
482.814;351.133;30.2787
483.426;350.331;30.1451
484.031;349.523;30.1451
484.621;348.705;30.0239
485.198;347.879;29.6998
485.758;347.047;29.3391
486.821;345.359;29.1882
487.806;343.644;28.7209
488.709;341.915;28.5726
489.545;340.164;28.0437
490.305;338.397;27.9181
490.981;336.619;27.6195
491.571;334.831;27.3591
492.08;333.041;26.9986
492.507;331.246;26.827
492.852;329.451;26.6705
493.12;327.658;26.5397
493.314;325.87;26.4171
493.438;324.089;26.3965
493.489;322.314;26.3076
493.472;320.549;26.1834
493.385;318.794;26.0711
493.233;317.052;26.0307
493.014;315.321;25.9306
492.731;313.608;25.8603
492.383;311.909;25.7954
491.973;310.231;25.7347
491.499;308.574;25.7226
490.967;306.936;25.7612
490.384;305.317;25.8202
489.749;303.713;25.8977
489.066;302.128;25.9911
488.341;300.558;26.0907
487.581;298.999;26.1885
486.792;297.447;26.2682
485.977;295.902;26.3266
485.135;294.368;26.3593
484.26;292.847;26.3824
483.347;291.347;26.4694
482.397;289.866;26.4805
481.416;288.401;26.5456
480.401;286.953;26.6184
479.354;285.523;26.7211
478.279;284.11;26.7714
477.178;282.709;26.827
476.053;281.324;26.8563
474.897;279.959;26.8668
473.71;278.621;26.8516
472.485;277.313;26.8053
471.224;276.043;26.7432
469.922;274.815;26.7138
468.583;273.631;26.7666
467.208;272.485;26.7807
465.799;271.384;26.7896
464.357;270.323;26.8596
462.884;269.302;26.9005
461.383;268.317;27.028
459.858;267.362;27.1038
458.314;266.435;27.1579
456.746;265.534;27.188
455.154;264.671;27.2339
453.538;263.85;27.189
451.9;263.072;27.147
450.242;262.342;27.1095
448.559;261.665;27.1631
446.851;261.044;27.1296
445.124;260.479;27.1887
443.385;259.964;27.2665
441.63;259.496;27.3116
439.856;259.072;27.4586
438.064;258.694;27.5559
436.262;258.349;27.6522
434.455;258.032;27.7181
432.636;257.744;27.7645
430.805;257.496;27.7823
428.958;257.3;27.7802
427.109;257.154;27.8055
425.262;257.06;27.7384
423.41;257.021;27.7522
421.553;257.038;27.7738
419.689;257.119;27.8197
417.832;257.26;27.879
415.984;257.454;27.8725
414.143;257.698;27.9059
412.307;258.003;27.8405
410.478;258.378;27.8107
408.666;258.818;27.7704
406.879;259.32;27.7138
405.111;259.877;27.6713
403.363;260.494;27.6691
401.632;261.178;27.689
399.927;261.925;27.7034
398.259;262.731;27.7084
396.619;263.589;27.7071
395.008;264.499;27.7544
393.426;265.463;27.8212
391.863;266.483;27.9169
390.336;267.547;27.9613
388.836;268.651;27.9976
387.365;269.796;28.0124
385.925;270.985;27.997
384.522;272.229;28.004
383.164;273.516;28.0173
381.841;274.84;28.0484
380.554;276.202;28.0484
379.312;277.607;28.0581
378.12;279.058;28.1143
376.97;280.546;28.1875
375.865;282.066;28.278
374.795;283.618;28.3797
373.759;285.198;28.4893
372.752;286.804;28.5982
371.767;288.431;28.7143
370.799;290.075;28.8212
369.841;291.733;28.9314
368.889;293.403;29.0382
367.939;295.084;29.1415
366.989;296.775;29.2425
366.039;298.473;29.3383
365.083;300.173;29.4364
364.122;301.877;29.5402
363.156;303.586;29.6307
362.184;305.298;29.7253
361.203;307.018;29.8284
360.217;308.738;29.915
359.225;310.461;30.016
358.228;312.189;30.1043
357.229;313.921;30.1494
356.727;314.792;30.1949
356.223;315.664;30.2503
355.719;316.536;30.2874
355.214;317.408;30.3324
354.708;318.282;30.3781
354.202;319.156;30.4263
353.694;320.032;30.4656
353.188;320.908;30.5119
352.68;321.785;30.5597
352.172;322.664;30.6066
351.663;323.546;30.6489
351.15;324.432;30.6959
350.637;325.318;30.7415
350.124;326.203;30.7863
349.61;327.089;30.8299
349.095;327.976;30.8747
348.581;328.864;30.9276
348.066;329.754;30.9682
347.551;330.643;31.0147
347.035;331.536;31.0613
346.517;332.43;31.1068
345.997;333.327;31.1486
345.475;334.227;31.1942
344.953;335.126;31.2396
344.431;336.024;31.2777
343.909;336.925;31.3243
343.387;337.825;31.3709
342.865;338.726;31.4175
342.341;339.63;31.4645
341.817;340.535;31.4645
341.29;341.442;31.5568
340.762;342.349;31.5979
340.231;343.263;31.6424
339.7;344.176;31.6806
339.17;345.087;31.7268
338.641;345.999;31.7705
338.111;346.911;31.8177
337.581;347.825;31.8632
337.049;348.742;31.9088
336.515;349.66;31.9552
335.98;350.579;31.999
335.443;351.499;32.0385
334.903;352.422;32.0726
334.359;353.345;32.1048
333.813;354.264;32.1436
333.264;355.18;32.1842
332.711;356.096;32.2382
332.155;357.013;32.278
331.595;357.929;32.3057
331.03;358.844;32.3474
330.46;359.758;32.388
329.885;360.67;32.4406
329.304;361.583;32.4569
328.717;362.497;32.5088
328.129;363.407;32.5477
327.537;364.311;32.5745
326.942;365.216;32.6158
326.343;366.121;32.6693
325.74;367.026;32.6965
325.133;367.929;32.6965
324.521;368.831;32.7632
323.904;369.731;32.7866
323.278;370.629;32.7999
322.644;371.524;32.7999
322.005;372.413;32.8072
321.358;373.294;32.8072
320.702;374.169;32.797
320.037;375.037;32.7421
319.361;375.898;32.6968
318.673;376.748;32.726
317.974;377.589;32.6642
317.264;378.418;32.4572
316.538;379.235;32.3505
315.795;380.038;32.2546
315.043;380.826;32.1434
314.28;381.594;32.1434
313.506;382.35;32.0354
312.721;383.092;31.9843
311.926;383.821;31.8945
311.12;384.535;31.6928
310.303;385.235;31.6928
309.476;385.919;31.5769
308.638;386.587;31.5297
307.789;387.238;31.5092
306.93;387.874;31.4975
306.064;388.491;31.4996
305.19;389.095;31.5004
304.306;389.683;31.5168
303.415;390.26;31.5451
302.518;390.821;31.5715
301.611;391.369;31.6209
300.697;391.905;31.6513
299.778;392.429;31.6938
298.851;392.94;31.7402
297.917;393.443;31.794
296.978;393.934;31.8469
296.032;394.416;31.901
295.081;394.89;31.9635
294.125;395.356;32.0131
293.165;395.817;32.0689
292.2;396.272;32.1239
291.23;396.724;32.1805
290.259;397.172;32.236
289.284;397.617;32.288
288.305;398.061;32.3381
287.324;398.502;32.3842
286.34;398.939;32.4253
285.352;399.373;32.4745
284.361;399.801;32.5253
283.366;400.225;32.5746
282.368;400.648;32.6243
281.367;401.069;32.674
280.364;401.485;32.674
279.357;401.899;32.7234
278.346;402.309;32.8238
277.333;402.716;32.8739
276.317;403.12;32.9239
275.298;403.522;32.9749
274.276;403.921;33.0252
273.252;404.317;33.0751
272.225;404.712;33.1317
271.196;405.106;33.1759
270.165;405.498;33.2237
269.131;405.889;33.2694
268.095;406.278;33.3175
267.056;406.663;33.3477
266.014;407.045;33.4008
264.969;407.42;33.4373
263.92;407.792;33.492
262.869;408.162;33.5275
261.816;408.528;33.5816
260.759;408.89;33.6191
259.699;409.249;33.6661
258.637;409.603;33.7135
257.571;409.953;33.7612
256.503;410.299;33.8095
255.432;410.642;33.8582
254.358;410.982;33.907
253.282;411.319;33.9559
252.203;411.653;33.9559
251.122;411.985;34.0543
250.038;412.316;34.108
248.953;412.644;34.1529
247.865;412.972;34.2019
246.775;413.298;34.2511
245.684;413.623;34.3003
244.59;413.948;34.3492
243.495;414.272;34.3981
242.398;414.596;34.4472
241.299;414.92;34.4958
240.198;415.243;34.5446
239.096;415.567;34.5935
237.992;415.89;34.642
236.886;416.214;34.6896
235.779;416.538;34.735
234.67;416.861;34.735
233.558;417.181;34.8138
232.444;417.498;34.8569
231.327;417.809;34.9012
230.208;418.116;34.9449
229.086;418.422;34.9973
227.962;418.724;35.0326
226.835;419.022;35.0774
225.705;419.315;35.1293
224.573;419.604;35.1686
223.438;419.889;35.2157
222.301;420.17;35.2628
221.161;420.447;35.3148
220.019;420.72;35.3586
218.874;420.99;35.4069
217.727;421.256;35.4553
216.578;421.52;35.504
215.427;421.782;35.5528
214.273;422.042;35.5989
213.117;422.299;35.6473
211.96;422.554;35.6877
210.8;422.805;35.717
209.637;423.051;35.7439
208.472;423.29;35.7755
207.305;423.521;35.81
206.134;423.746;35.8454
204.962;423.964;35.8802
203.786;424.177;35.9166
202.608;424.384;35.9543
201.428;424.582;35.9937
200.245;424.774;36.0447
199.06;424.958;36.0776
197.872;425.134;36.0776
196.682;425.304;36.1217
195.489;425.467;36.2136
194.294;425.623;36.2606
193.097;425.774;36.3089
191.899;425.919;36.3612
190.697;426.06;36.4062
189.494;426.196;36.459
188.289;426.328;36.5052
187.082;426.456;36.5578
185.873;426.582;36.6046
184.662;426.705;36.6541
183.449;426.825;36.7038
182.234;426.943;36.7536
181.018;427.06;36.8061
179.799;427.175;36.8524
178.579;427.29;36.9019
177.358;427.403;36.951
176.134;427.515;37.0002
174.909;427.627;37.0525
173.682;427.738;37.0981
172.454;427.85;37.1503
171.223;427.96;37.1959
169.992;428.071;37.2444
168.758;428.182;37.2931
167.523;428.292;37.3416
166.286;428.403;37.39
165.048;428.514;37.4385
163.808;428.624;37.4867
162.567;428.735;37.5348
161.323;428.846;37.5866
160.079;428.957;37.6312
158.832;429.068;37.6827
157.585;429.18;37.7273
156.335;429.291;37.7273
155.084;429.403;37.8231
153.831;429.514;37.8709
152.577;429.626;37.9184
151.321;429.738;37.9184
150.064;429.851;38.014
148.805;429.963;38.0616
147.544;430.076;38.1128
146.282;430.188;38.1566
145.018;430.301;38.1566
143.753;430.414;38.2553
142.486;430.527;38.2987
141.217;430.64;38.35
139.947;430.753;38.3935
138.676;430.867;38.4407
137.403;430.98;38.488
136.128;431.094;38.5388
134.852;431.208;38.5823
133.574;431.322;38.6332
132.294;431.436;38.68
131.013;431.55;38.7234
129.731;431.664;38.7702
128.447;431.778;38.8172
127.161;431.893;38.8172
125.874;432.007;38.9148
124.585;432.122;38.9577
123.295;432.237;39.0045
122.003;432.352;39.051
120.709;432.467;39.0979
119.414;432.582;39.1444
118.118;432.697;39.191
116.82;432.813;39.2376
115.52;432.928;39.2376
114.219;433.044;39.3347
112.916;433.16;39.3769
111.612;433.276;39.4275
110.306;433.391;39.4698
108.999;433.507;39.516
107.69;433.624;39.5623
106.38;433.74;39.6128
105.068;433.856;39.659
103.754;433.973;39.7009
102.439;434.09;39.7469
101.122;434.206;39.7931
99.8045;434.323;39.8435
98.4849;434.44;39.884
97.1637;434.557;39.9265
95.841;434.673;39.9651
94.5165;434.786;40.0047
93.1905;434.894;40.0455
91.8628;434.997;40.0744
90.5334;435.096;40.1123
89.2023;435.191;40.1501
87.8695;435.282;40.1883
86.535;435.368;40.2272
85.1988;435.449;40.267
83.861;435.524;40.3077
82.5215;435.593;40.3493
81.1805;435.656;40.399
79.8379;435.714;40.4415
78.4937;435.767;40.4786
77.1479;435.815;40.5229
75.8006;435.858;40.5676
74.4518;435.897;40.6126
73.1014;435.931;40.658
71.7495;435.963;40.7034
70.396;435.99;40.7491
69.041;436.015;40.7948
67.6845;436.037;40.7948
66.3264;436.057;40.8406
64.9668;436.074;40.9322
63.6057;436.09;40.9778
62.243;436.104;41.0236
60.8788;436.117;41.0673
59.513;436.128;41.1083
58.146;436.138;41.145
56.7774;436.143;41.1757
55.4076;436.143;41.1968
54.0368;436.137;41.2042
52.6652;436.123;41.2327
51.2932;436.098;41.189
49.9208;436.062;41.1773
48.5485;436.015;41.1667
47.1762;435.956;41.1551
45.8032;435.888;41.1449
44.4306;435.808;41.1376
43.0583;435.715;41.1347
41.6867;435.609;41.1363
40.316;435.49;41.1442
38.9465;435.357;41.1915
37.5787;435.211;41.2021
36.2116;435.053;41.1919
34.8461;434.881;41.2167
33.4818;434.696;41.2454
32.1188;434.499;41.2779
30.7572;434.29;41.3133
29.3963;434.069;41.3518
28.0379;433.837;41.4017
26.6793;433.595;41.4344
25.3222;433.344;41.4781
23.9656;433.082;41.5301
22.6095;432.812;41.5689
21.2538;432.534;41.6145
19.8981;432.248;41.6681
18.5429;431.956;41.7093
17.188;431.659;41.7565
15.8321;431.355;41.804
14.4762;431.047;41.8577
13.1195;430.735;41.8989
11.7619;430.419;41.8989
10.4031;430.099;41.9971
9.0441;429.777;42.0309
7.68478;429.452;42.0672
6.32469;429.121;42.0972
4.96509;428.785;42.0972
3.60605;428.442;42.1705
2.24679;428.093;42.2076
0.887195;427.74;42.2424
-0.473608;427.382;42.2424
-1.83302;427.019;42.3172
-3.19174;426.649;42.3553
-4.5507;426.274;42.39
-5.90899;425.891;42.4195
-7.26639;425.502;42.4415
-8.62278;425.104;42.454
-9.9787;424.695;42.4864
-11.3304;424.278;42.4832
-12.6788;423.849;42.4233
-14.0234;423.408;42.4477
-15.3636;422.958;42.3211
-16.7;422.491;42.2355
-18.0321;422.013;42.2597
-19.3566;421.513;42.1641
-20.6727;421.001;42.0547
-21.9791;420.471;41.7457
-23.2774;419.929;41.5649
-24.5661;419.366;41.4054
-25.8468;418.787;41.2373
-27.1144;418.188;41.109
-28.3736;417.57;40.9737
-29.6157;416.939;40.8467
-30.849;416.29;40.7285
-32.071;415.627;40.7735
-33.2813;414.948;40.5276
-34.4795;414.255;40.4112
-35.6657;413.546;40.3153
-36.8402;412.814;40.2717
-37.9991;412.069;40.2151
-39.1358;411.307;40.2002
-40.2618;410.53;40.1458
-41.3746;409.744;40.0795
-42.4746;408.938;39.9772
-43.5625;408.118;39.9188
-44.6295;407.275;39.956
-45.6757;406.424;39.8296
-46.705;405.557;39.7899
-47.7229;404.679;39.765
-48.7272;403.789;39.7536
-49.7191;402.888;39.7295
-50.6988;401.975;39.7798
-51.6689;401.039;39.7037
-52.6249;400.093;39.6794
-53.5558;399.146;39.6794
-54.4798;398.185;39.6222
-55.389;397.216;39.5937
-56.2856;396.236;39.5195
-57.1695;395.249;39.4693
-58.0438;394.237;39.4293
-58.9009;393.222;39.4651
-59.733;392.205;39.3686
-60.5569;391.176;39.2729
-61.3669;390.143;39.2191
-62.1669;389.104;39.2191
-62.9573;388.059;38.9941
-63.7334;387;38.8887
-64.4943;385.921;38.7962
-65.2341;384.844;38.7962
-65.9486;383.762;38.5926
-66.6531;382.675;38.4636
-67.3447;381.581;38.4946
-68.0244;380.478;38.3725
-68.6853;379.37;37.9924
-69.328;378.253;37.7849
-69.9435;377.124;37.8156
-70.54;375.988;37.4744
-71.1105;374.857;37.3083
-71.6664;373.718;37.3083
-72.1837;372.59;36.9191
-72.6693;371.395;26.3997
-73.1302;370.256;26.6656
-73.2177;368.464;27.0091
-73.3074;366.656;27.1842
-73.4365;364.857;27.3219
-73.5792;363.055;27.379
-73.7036;361.246;27.3609
-73.7868;359.43;27.3628
-73.8277;357.594;27.2412
-73.8144;355.78;27.234
-73.7647;353.97;27.2832
-73.6476;352.152;27.4005
-73.485;350.332;27.545
-73.2962;348.514;27.6639
-73.0974;346.689;27.7223
-72.909;344.858;27.7106
-72.752;343.018;27.636
-72.6431;341.176;27.6196
-72.5848;339.332;27.3505
-72.5893;337.492;27.1753
-72.654;335.659;27.0766
-72.7891;333.838;26.7777
-72.9895;332.033;26.5698
-73.2642;330.248;26.3823
-73.6064;328.486;26.186
-74.0222;326.753;26.0128
-74.5079;325.048;25.8535
-75.0631;323.38;25.7995
-75.6897;321.746;25.5498
-76.3833;320.155;25.4159
-77.1466;318.606;25.3581
-77.9763;317.106;25.2094
-78.8679;315.651;25.1026
-79.8189;314.245;25.0448
-80.8195;312.877;25.0094
-81.8774;311.568;24.9887
-82.9788;310.301;24.9854
-84.1216;309.077;25.0094
-85.3041;307.891;25.0839
-86.5236;306.745;25.1369
-87.7744;305.637;25.2006
-89.0583;304.562;25.1731
-90.3845;303.531;25.1711
-91.7501;302.552;25.1299
-93.1519;301.624;25.088
-94.5875;300.752;25.0901
-96.0545;299.934;25.1305
-97.5497;299.164;25.2236
-99.0714;298.439;25.3608
-100.615;297.75;25.4991
-102.173;297.079;25.61
-103.738;296.405;25.6368
-105.297;295.705;25.6189
-106.841;294.965;25.5962
-108.362;294.179;25.596
-109.861;293.349;25.6401
-111.338;292.478;25.7332
-112.795;291.569;25.8578
-114.24;290.631;25.9717
-115.684;289.68;26.0352
-117.139;288.736;26.053
-118.614;287.818;26.0736
-120.112;286.934;26.1038
-121.631;286.079;26.1826
-123.174;285.261;26.2255
-124.738;284.479;26.3271
-126.319;283.722;26.4309
-127.91;282.973;26.5216
-129.508;282.226;26.6239
-131.113;281.479;26.6909
-132.72;280.723;26.7755
-134.327;279.955;26.8596
-135.935;279.177;26.9438
-137.544;278.388;27.0274
-139.156;277.591;27.11
-140.771;276.788;27.1933
-142.388;275.979;27.2755
-144.01;275.166;27.3728
-145.635;274.348;27.4391
-147.265;273.528;27.5356
-148.9;272.704;27.6016
-150.539;271.877;27.6825
-152.183;271.048;27.7634
-153.832;270.216;27.8442
-155.485;269.382;27.9249
-157.144;268.545;28.0056
-158.807;267.706;28.0861
-160.475;266.865;28.1817
-162.147;266.021;28.2623
-163.825;265.174;28.328
-165.507;264.325;28.4087
-167.194;263.474;28.5038
-168.886;262.62;28.5698
-170.582;261.764;28.6504
-172.284;260.905;28.7299
-173.99;260.044;28.8143
-175.698;259.175;28.8498
-177.402;258.289;28.8689
-179.094;257.374;28.9109
-180.768;256.423;28.8819
-182.422;255.434;28.9067
-184.059;254.411;28.9473
-185.674;253.35;29.0025
-187.267;252.253;29.0704
-188.84;251.121;29.1464
-190.395;249.959;29.2281
-191.935;248.77;29.27
-193.465;247.56;29.3981
-194.988;246.332;29.4839
-196.506;245.091;29.5692
-198.023;243.838;29.6539
-199.541;242.578;29.7379
-201.06;241.311;29.8213
-202.582;240.038;29.904
-204.107;238.761;29.9861
-205.636;237.479;30.0677
-207.169;236.194;30.1084
-207.937;235.55;30.1636
-208.706;234.905;30.1894
-209.476;234.26;30.2298
-210.247;233.613;30.27
-211.02;232.966;30.27
-211.793;232.318;30.3503
-212.567;231.669;30.3904
-213.342;231.019;30.4303
-214.119;230.368;30.4702
-214.896;229.716;30.4702
-215.674;229.064;30.5646
-216.454;228.411;30.6043
-217.234;227.756;30.628
-218.016;227.102;30.628
-218.797;226.445;30.6966
-219.578;225.785;30.7243
-220.356;225.121;30.7449
-221.132;224.452;30.7559
-221.903;223.777;30.76
-222.668;223.094;30.7666
-223.427;222.404;30.7749
-224.179;221.706;30.7749
-224.926;221.001;30.7877
-225.668;220.29;30.8166
-226.405;219.571;30.8694
-227.134;218.845;30.8575
-227.857;218.111;30.9105
-228.572;217.37;30.9113
-229.282;216.621;30.9424
-229.984;215.865;30.9758
-230.681;215.103;31.0112
-231.372;214.334;31.0658
-232.058;213.559;31.0862
-232.739;212.779;31.0862
-233.416;211.994;31.1611
-234.089;211.204;31.1934
-234.758;210.408;31.2212
-235.422;209.608;31.2438
-236.081;208.802;31.2595
-236.733;207.991;31.2662
-237.379;207.173;31.2673
-238.016;206.348;31.2606
-238.644;205.515;31.2445
-239.262;204.676;31.2179
-239.87;203.829;31.1805
-240.466;202.974;31.1446
-241.05;202.11;31.113
-241.621;201.239;31.0908
-242.181;200.361;31.0721
-242.73;199.476;31.059
-243.267;198.583;31.0521
-243.791;197.684;31.0518
-244.303;196.777;31.058
-244.802;195.864;31.0704
-245.289;194.944;31.0885
-245.763;194.017;31.1428
-246.225;193.085;31.1395
-246.675;192.146;31.1712
-247.115;191.203;31.206
-247.544;190.253;31.2435
-247.964;189.299;31.3008
-248.375;188.34;31.324
-248.778;187.377;31.3662
-249.173;186.41;31.4092
-249.562;185.438;31.4526
-249.946;184.464;31.4526
-250.325;183.486;31.5401
-250.699;182.505;31.5838
-251.071;181.521;31.6428
-251.439;180.535;31.6707
-251.806;179.546;31.7137
-252.171;178.555;31.772
-252.534;177.563;31.7989
-252.897;176.568;31.8566
-253.259;175.572;31.8828
-253.62;174.574;31.9243
-253.982;173.574;31.9655
-254.343;172.574;31.9655
-254.705;171.571;32.0629
-255.066;170.568;32.0471
-255.428;169.562;32.1279
-255.79;168.556;32.1679
-256.153;167.548;32.2078
-256.516;166.54;32.2078
-256.88;165.529;32.286
-257.244;164.518;32.322
-257.607;163.505;32.3547
-257.967;162.49;32.3823
-258.325;161.472;32.3823
-258.677;160.452;32.4028
-259.022;159.428;32.4159
-259.359;158.402;32.4084
-259.686;157.371;32.4414
-260.002;156.337;32.3571
-260.306;155.3;32.312
-260.596;154.259;32.2541
-260.872;153.215;32.1961
-261.133;152.168;32.1418
-261.379;151.118;32.097
-261.611;150.065;32.0565
-261.829;149.01;32.0223
-262.032;147.952;31.9953
-262.219;146.892;31.9953
-262.391;145.831;31.9649
-262.547;144.768;31.9614
-262.688;143.703;31.9653
-262.813;142.637;31.9761
-262.924;141.57;31.9932
-263.019;140.502;31.9932
-263.101;139.433;32.0433
-263.169;138.363;32.0986
-263.224;137.293;32.1097
-263.266;136.221;32.1474
-263.298;135.148;32.1872
-263.318;134.075;32.2454
-263.329;133;32.271
-263.331;131.925;32.3302
-263.325;130.848;32.3738
-263.312;129.771;32.4019
-263.294;128.692;32.4459
-263.27;127.612;32.4898
-263.242;126.53;32.5335
-263.21;125.448;32.5928
-263.175;124.364;32.6339
-263.138;123.278;32.6553
-263.097;122.192;32.6893
-263.052;121.104;32.7363
-263.002;120.016;32.7402
-262.945;118.927;32.7523
-262.88;117.837;32.7572
-262.806;116.748;32.7522
-262.721;115.659;32.7354
-262.624;114.571;32.7181
-262.514;113.484;32.7688
-262.392;112.399;32.7023
-262.258;111.314;32.7469
-262.113;110.23;32.7378
-261.956;109.148;32.6798
-261.786;108.067;32.6851
-261.603;106.989;32.6955
-261.407;105.912;32.711
-261.198;104.838;32.731
-260.977;103.767;32.7553
-260.744;102.697;32.8096
-260.499;101.63;32.8144
-260.244;100.565;32.8482
-259.978;99.5017;32.8841
-259.702;98.4402;32.9217
-259.418;97.3802;32.9217
-259.124;96.3215;33.0006
-258.824;95.2638;33.0006
-258.516;94.2069;33.0823
-258.203;93.1506;33.1236
-257.884;92.0946;33.1649
-257.56;91.0387;33.2063
-257.232;89.9828;33.2063
-256.901;88.9265;33.2886
-256.567;87.8698;33.3294
-256.23;86.8125;33.37
-255.891;85.7544;33.4103
-255.55;84.6956;33.4103
-255.208;83.6359;33.4902
-254.864;82.5752;33.5464
-254.519;81.5135;33.5691
-254.173;80.4507;33.5691
-253.827;79.3868;33.6471
-253.479;78.3217;33.6471
-253.131;77.2555;33.7243
-252.783;76.1881;33.7243
-252.434;75.1195;33.7997
-252.084;74.0497;33.8344
-251.733;72.9793;33.8826
-251.379;71.9086;33.8916
-251.02;70.8382;33.9312
-250.656;69.7689;33.9177
-250.284;68.7014;33.917
-249.903;67.6367;33.9049
-249.512;66.5753;33.8797
-249.111;65.5179;33.9105
-248.697;64.4653;33.7868
-248.27;63.4184;33.7868
-247.83;62.3779;33.6496
-247.376;61.3446;33.5832
-246.908;60.3185;33.5258
-246.427;59.2993;33.4725
-245.933;58.287;33.5228
-245.425;57.2824;33.3858
-244.903;56.2861;33.3542
-244.368;55.2983;33.331
-243.819;54.3193;33.3814
-243.256;53.3493;33.3669
-242.68;52.3883;33.3107
-242.091;51.4362;33.319
-241.49;50.4931;33.3339
-240.876;49.5587;33.383
-240.249;48.6328;33.3945
-239.611;47.7157;33.369
-238.961;46.8076;33.369
-238.299;45.9086;33.3672
-237.626;45.0188;33.3548
-236.941;44.1386;33.3511
-236.245;43.2682;33.4031
-235.538;42.4067;33.3745
-234.821;41.5528;33.3952
-234.095;40.7056;33.4197
-233.361;39.8655;33.4477
-232.617;39.0325;33.4789
-231.864;38.2065;33.5129
-231.103;37.3872;33.544
-230.334;36.5743;33.5708
-229.557;35.7682;33.5924
-228.772;34.9693;33.6075
-227.978;34.1778;33.6148
-227.177;33.3943;33.6126
-226.366;32.6193;33.6047
-225.547;31.8536;33.5895
-224.719;31.0975;33.5655
-223.882;30.3517;33.5317
-223.036;29.6167;33.4876
-222.18;28.8934;33.4329
-221.315;28.1824;33.3676
-220.44;27.4846;33.3044
-219.556;26.8007;33.2471
-218.663;26.1301;33.2471
-217.761;25.4727;33.1606
-216.851;24.8278;33.2147
-215.932;24.1963;33.1807
-215.005;23.5787;33.0835
-214.069;22.9752;33.0739
-213.126;22.3858;33.0724
-212.174;21.8105;33.0783
-211.216;21.2491;33.0912
-210.25;20.7014;33.1104
-209.277;20.167;33.1352
-208.297;19.6455;33.1647
-207.311;19.1363;33.1983
-206.319;18.639;33.2352
-205.321;18.1527;33.2692
-204.317;17.6768;33.3209
-203.308;17.2114;33.2988
-202.294;16.7565;33.3411
-201.274;16.312;33.3519
-200.25;15.8784;33.354
-199.221;15.4558;33.3637
-198.187;15.0451;33.3801
-197.148;14.6449;33.4044
-196.105;14.2539;33.4298
-195.058;13.8708;33.4573
-194.006;13.4964;33.4872
-192.951;13.131;33.546
-191.891;12.7745;33.5538
-190.827;12.4268;33.5851
-189.76;12.0874;33.6121
-188.689;11.757;33.66
-187.615;11.4361;33.6487
-186.537;11.125;33.6557
-185.456;10.8245;33.6527
-184.371;10.5352;33.6877
-183.283;10.2581;33.6266
-182.192;9.99363;33.6003
-181.098;9.74234;33.6336
-180.002;9.50504;33.529
-178.902;9.2825;33.4988
-177.8;9.07406;33.5556
-176.696;8.87922;33.5331
-175.589;8.69723;33.4476
-174.481;8.52914;33.441
-173.37;8.37527;33.4405
-172.258;8.23578;33.4947
-171.144;8.11063;33.4579
-170.029;7.99965;33.4579
-168.913;7.90246;33.497
-167.795;7.81867;33.5235
-166.677;7.74781;33.5235
-165.557;7.68937;33.6103
-164.437;7.64266;33.6232
-163.315;7.60695;33.6613
-162.192;7.58156;33.6613
-161.069;7.56562;33.7419
-159.944;7.55832;33.7835
-158.819;7.55887;33.8427
-157.692;7.56629;33.8682
-156.564;7.57977;33.9108
-155.435;7.59859;33.9534
-154.304;7.62199;33.9958
-153.173;7.64926;34.0547
-152.04;7.6798;34.0797
-150.906;7.71301;34.1213
-149.77;7.74844;34.1624
-148.633;7.7857;34.203
-147.495;7.82445;34.2408
-146.356;7.86285;34.2747
-145.215;7.89934;34.3134
-144.073;7.93223;34.3512
-142.93;7.96371;34.3885
-141.785;7.99418;34.3885
-140.639;8.02266;34.4256
-139.491;8.04859;34.5159
-138.343;8.07176;34.5269
-137.193;8.09066;34.5522
-136.042;8.10414;34.5709
-134.89;8.11109;34.5964
-133.738;8.11012;34.626
-132.584;8.10312;34.6551
-131.429;8.09168;34.6849
-130.274;8.0748;34.7155
-129.117;8.05195;34.7471
-127.96;8.02297;34.7798
-126.801;7.98789;34.8134
-125.642;7.94691;34.8134
-124.482;7.90031;34.9017
-123.321;7.8484;34.9183
-122.16;7.7916;34.9543
-120.997;7.73027;34.9905
-119.833;7.66484;35.027
-118.669;7.59566;35.0636
-117.504;7.52324;35.1003
-116.337;7.44785;35.137
-115.17;7.36992;35.1736
-114.001;7.28973;35.2102
-112.831;7.20758;35.2468
-111.661;7.12379;35.2832
-110.489;7.03855;35.3373
-109.316;6.95211;35.3558
-108.142;6.86469;35.3919
-106.967;6.77641;35.4279
-105.79;6.68742;35.4638
-104.613;6.59785;35.4996
-103.434;6.50777;35.5354
-102.254;6.4173;35.571
-101.073;6.32656;35.6065
-99.8911;6.23555;35.6419
-98.7078;6.1443;35.6953
-97.5232;6.05289;35.7126
-96.3375;5.96137;35.7478
-95.1507;5.86969;35.801
-93.9626;5.77793;35.818
-92.7734;5.68609;35.853
-91.583;5.59418;35.8879
-90.3915;5.50219;35.9228
-89.1988;5.41016;35.9758
-88.0049;5.31805;35.9924
-86.8099;5.22594;36.0271
-85.6137;5.13375;36.0617
-84.4164;5.04152;36.0963
-83.2179;4.94922;36.1308
-82.0182;4.85684;36.1653
-80.8174;4.76441;36.1998
-79.6155;4.67195;36.2342
-78.4124;4.57945;36.2685
-77.2081;4.48684;36.3212
-76.0027;4.39422;36.3028
-74.7962;4.30148;36.3713
-73.5885;4.20867;36.4055
-72.3797;4.11582;36.4396
-71.1698;4.02289;36.4737
-69.9587;3.92988;36.5077
-68.7465;3.83684;36.5417
-67.5332;3.74367;36.5757
-66.3187;3.65047;36.6271
-65.1031;3.55719;36.6389
-63.8863;3.46531;36.6656
-62.6683;3.37621;36.6979
-61.449;3.29137;36.6979
-60.2285;3.20844;36.7616
-59.0068;3.12699;36.7931
-57.7838;3.04793;36.8248
-56.5596;2.97172;36.8568
-55.3341;2.89855;36.9089
-54.1074;2.82852;36.9215
-52.8794;2.76152;36.9542
-51.6503;2.6975;36.9872
-50.4199;2.63629;37.0203
-49.1882;2.5777;37.0535
-47.9554;2.52145;37.0868
-46.7214;2.46738;37.1392
-45.4863;2.41527;37.1727
-44.2499;2.36496;37.2062
-43.0124;2.31617;37.1872
-41.7737;2.26879;37.2732
-40.5339;2.22258;37.2877
-39.2929;2.17742;37.3211
-38.0507;2.13313;37.3545
-36.8075;2.08961;37.3878
-35.5631;2.04672;37.4211
-34.3175;2.00434;37.4544
-33.0709;1.96242;37.4544
-31.8231;1.92082;37.54
-30.5742;1.87953;37.554
-29.3242;1.8384;37.5871
-28.0731;1.7975;37.6201
-26.8208;1.75672;37.6532
-25.5675;1.71602;37.6532
-24.3131;1.67543;37.7191
-23.0575;1.6348;37.7712
-21.8009;1.59422;37.8041
-20.5431;1.55367;37.7848
-19.2843;1.51312;37.8504
-18.0244;1.4725;37.8831
-16.7634;1.43187;37.9158
-15.5013;1.39125;37.9485
-14.2381;1.35059;37.9811
-12.9738;1.30988;38.0137
-11.7084;1.26914;38.0657
-10.442;1.22832;38.0788
-9.17442;1.1875;38.1113
-7.9058;1.14664;38.1437
-6.63609;1.10578;38.1761
-5.3653;1.06484;38.2085
-4.09343;1.02391;38.2409
