1.05543;7.8125e-05;2.44545
2.16407;7.8125e-05;3.57769
3.20568;0.000195312;4.2349
4.23927;0.00046875;4.44974
5.36663;0.000742187;5.19372
6.47158;0.00101562;5.74306
7.52882;0.00132813;6.66127
8.68705;0.00171875;7.13466
9.6912;0.00203125;7.60643
10.7593;0.00246094;8.07109
11.8889;0.00292969;8.5399
13.0771;0.00347656;9.23716
14.3225;0.00414062;9.41845
15.6234;0.00476563;10.0756
16.6382;0.00535156;10.2746
17.6759;0.0059375;10.4535
18.7497;0.0065625;10.8486
19.8454;-0.00457031;11.0287
20.9756;-0.0153125;11.4201
22.1283;-0.0274219;11.6006
23.3147;-0.0404297;11.9771
24.5232;-0.0554297;12.3352
25.7636;-0.0815234;12.527
27.0262;-0.107187;12.7027
28.3203;-0.137461;13.069
29.6367;-0.169258;13.2418
30.9723;-0.202148;13.3924
32.2993;-0.235195;13.2458
33.6507;-0.268906;13.6581
35.0264;-0.309922;13.8402
36.4335;-0.356055;14.1816
37.8637;-0.415586;14.538
39.323;-0.479414;14.704
40.8051;-0.548984;14.9122
41.8066;-0.609766;15.197
42.8185;-0.67625;15.234
43.8412;-0.745195;15.3977
44.8742;-0.817852;15.6743
45.9176;-0.893203;15.7172
46.9713;-0.970469;15.8739
48.0353;-1.04902;16.1352
49.1093;-1.12867;16.2855
50.1934;-1.20918;16.4345
51.2874;-1.29047;16.4848
52.3913;-1.3725;16.7289
53.505;-1.45527;16.7821
54.6284;-1.53871;16.9291
55.7615;-1.62285;17.075
56.9042;-1.70766;17.22
58.0566;-1.78633;17.3578
59.2187;-1.85277;17.4939
60.3904;-1.91801;17.7179
61.5717;-1.97949;17.8589
62.7626;-2.03766;17.9196
63.963;-2.09375;18.1397
65.1729;-2.14699;18.1988
66.3919;-2.19234;18.4124
67.6203;-2.23742;18.5513
68.8581;-2.28043;18.6118
70.1051;-2.3218;18.75
71.3613;-2.36215;18.9655
72.6267;-2.40199;19.1026
73.9013;-2.44168;19.1621
75.185;-2.47965;19.297
76.4773;-2.50516;19.4202
77.7787;-2.52387;19.556
79.0892;-2.53863;19.6912
80.4087;-2.54805;19.8262
81.7371;-2.55332;19.9611
83.0746;-2.55578;20.1723
84.421;-2.55652;20.23
85.7734;-2.55617;20.2862
87.1244;-2.5552;20.266
88.4741;-2.55383;20.2458
89.8323;-2.5523;20.4051
91.2006;-2.55059;20.644
92.5789;-2.54887;20.7888
93.9666;-2.54703;20.9279
95.3634;-2.54523;21.0619
96.7691;-2.54344;21.1173
98.1833;-2.5416;21.2448
99.6058;-2.53973;21.4392
101.036;-2.53777;21.489
102.475;-2.53586;21.6067
103.921;-2.53391;21.789
105.375;-2.53187;21.8351
106.836;-2.52984;21.9465
108.305;-2.52777;22.1209
109.78;-2.52566;22.2287
111.263;-2.52355;22.2717
112.753;-2.52137;22.3741
114.243;-2.51918;22.3496
115.731;-2.51699;22.3245
117.218;-2.51477;22.2993
118.702;-2.5125;22.2381
120.179;-2.51027;22.1474
121.65;-2.50809;22.0353
123.112;-2.5059;21.9076
124.566;-2.50371;21.7684
126.009;-2.50156;21.6209
127.443;-2.49945;21.4674
128.866;-2.49742;21.3095
130.278;-2.49539;21.1487
131.68;-2.49164;20.9116
133.071;-2.4807;20.821
134.45;-2.4693;20.6556
135.819;-2.45535;20.4901
137.186;-2.43891;20.4873
138.551;-2.4207;20.4701
139.911;-2.40137;20.2243
141.254;-2.3816;19.9858
142.582;-2.36156;19.7515
143.894;-2.34148;19.6308
145.192;-2.32148;19.4212
146.478;-2.30156;19.2484
147.754;-2.2818;19.1196
149.024;-2.26215;19.0313
150.291;-2.2425;18.9794
151.555;-2.22293;18.96
152.819;-2.20336;18.9865
154.085;-2.18379;18.9954
155.354;-2.16418;19.0677
156.626;-2.14453;19.1397
157.903;-2.1248;19.1677
159.182;-2.10504;19.1888
160.46;-2.08527;19.1619
161.737;-2.06551;19.1446
163.02;-2.04566;19.2699
164.311;-2.0257;19.395
165.61;-2.00555;19.5209
166.918;-1.98527;19.72
168.234;-1.96484;19.7747
169.559;-1.94426;19.9023
170.892;-1.92352;20.1038
172.234;-1.90262;20.1587
173.584;-1.88156;20.3612
174.943;-1.86035;20.4162
176.31;-1.83895;20.5452
177.686;-1.81742;20.7485
179.071;-1.79574;20.878
180.461;-1.77395;20.8573
181.85;-1.75215;20.8361
183.237;-1.73039;20.9043
184.633;-1.70844;20.9715
186.039;-1.68637;21.1227
187.454;-1.66414;21.2675
188.879;-1.64176;21.4843
190.313;-1.61922;21.616
191.755;-1.59652;21.7435
193.206;-1.57363;21.8673
194.665;-1.55062;21.9877
196.132;-1.52746;22.0365
197.607;-1.50414;22.2204
199.089;-1.48062;22.3333
200.579;-1.45699;22.3785
202.076;-1.4332;22.4886
203.581;-1.40926;22.5972
205.092;-1.3852;22.7044
206.611;-1.36102;22.8105
208.137;-1.33668;22.9156
209.669;-1.31219;23.0825
211.209;-1.28758;23.1233
212.755;-1.26285;23.2261
214.309;-1.23797;23.3901
215.869;-1.21293;23.4299
217.436;-1.18781;23.5925
219.009;-1.16254;23.6318
220.589;-1.13711;23.7321
222.176;-1.11156;23.8931
223.77;-1.0859;23.9926
225.37;-1.06008;24.031
226.977;-1.03414;24.1748
228.587;-1.00812;24.1483
230.195;-0.982109;24.1226
231.801;-0.956094;24.099
233.404;-0.930156;24.0237
235;-0.904297;23.9214
236.588;-0.878555;23.7418
238.167;-0.853008;23.6613
239.736;-0.827578;23.5127
241.296;-0.802344;23.2846
242.844;-0.777305;23.1931
244.382;-0.752539;22.9504
245.908;-0.72793;22.8559
247.423;-0.703516;22.6837
248.926;-0.679336;22.5101
250.418;-0.655352;22.3358
251.898;-0.631602;22.161
253.37;-0.608008;22.0895
254.841;-0.584453;22.0621
256.311;-0.560937;21.9185
257.766;-0.537656;21.7852
259.206;-0.514727;21.425
260.629;-0.491992;21.1834
262.036;-0.46957;21.0559
263.428;-0.447422;20.8187
264.804;-0.425547;20.5839
266.164;-0.404023;20.3515
267.509;-0.382734;20.1213
268.839;-0.361719;19.7798
270.154;-0.340977;19.6669
271.453;-0.320508;19.3376
272.738;-0.300312;19.22
274.008;-0.280391;18.8958
275.27;-0.260625;18.9287
276.53;-0.240938;18.9034
277.789;-0.22125;18.8819
279.03;-0.201875;18.5459
280.249;-0.182852;18.2101
281.445;-0.164219;17.8746
282.62;-0.145938;17.3776
283.772;-0.128047;17.2062
284.902;-0.110547;16.7188
286.011;-0.0934375;16.5565
287.1;-0.0766406;16.1223
288.17;-0.0601562;15.8478
289.222;-0.0439844;15.7119
290.255;-0.028125;15.441
291.272;-0.0125781;15.179
292.764;0.0101953;14.806
294.224;0.0324219;14.4075
295.657;0.0542188;14.1868
297.069;0.0756641;14.0698
298.467;0.096875;13.9844
299.864;0.118008;13.8913
301.258;0.139102;14.1177
302.676;0.160547;14.2578
304.113;0.182266;14.428
305.575;0.204453;14.7016
307.057;0.226953;15.0103
308.059;0.242188;15.1628
309.07;0.257578;15.3091
310.092;0.273164;15.3511
311.125;0.288906;15.5079
312.167;0.304805;15.6652
313.22;0.320898;15.8229
314.284;0.337187;15.9812
315.348;0.353516;15.9655
316.411;0.369844;15.9491
317.476;0.386211;16.1354
318.554;0.402734;16.3166
319.644;0.419492;16.4935
320.746;0.436445;16.6665
321.859;0.453594;16.8283
322.983;0.470898;16.9024
324.118;0.488398;17.0687
325.265;0.506094;17.2322
326.422;0.523945;17.393
327.589;0.542031;17.6415
328.767;0.560273;17.7957
329.955;0.578672;17.948
331.153;0.597305;18.0134
332.362;0.616094;18.1636
333.58;0.635078;18.3952
334.808;0.65418;18.5327
336.046;0.673516;18.6865
337.293;0.693008;18.7496
338.55;0.712656;18.9733
339.816;0.732461;19.0353
341.092;0.752422;19.1766
342.378;0.772578;19.3171
343.672;0.79957;19.5296
344.975;0.828984;19.5896
346.287;0.867227;19.7214
347.607;0.921211;19.8501
348.936;0.980352;19.9863
350.271;1.0466;20.0436
351.604;1.11879;20.0235
352.935;1.19523;20.0035
354.275;1.27504;20.2543
355.625;1.35727;20.3219
356.984;1.44129;20.4718
358.354;1.52645;20.6853
359.732;1.6143;20.7521
361.12;1.7041;20.8855
362.516;1.79523;21.0872
363.92;1.88789;21.2105
365.332;1.98355;21.2594
366.752;2.08156;21.4368
368.179;2.18109;21.4946
369.614;2.28414;21.607
371.055;2.40098;21.7065
372.499;2.52637;21.7497
373.942;2.65707;21.7258
375.383;2.79461;21.7149
376.823;2.93801;21.7324
378.264;3.08586;21.7681
379.707;3.23687;21.7818
381.154;3.39023;21.8794
382.605;3.54523;21.9039
384.06;3.70812;21.9726
385.519;3.87465;22.1074
386.984;4.04453;22.1871
388.455;4.21832;22.2337
389.931;4.39535;22.3301
391.414;4.57492;22.4914
392.903;4.75824;22.5895
394.398;4.95059;22.6969
395.897;5.145;22.674
397.394;5.34262;22.6506
398.889;5.54312;22.6289
400.391;5.74859;22.7664
401.901;5.95816;22.98
403.419;6.17246;23.0337
404.946;6.39098;23.1615
406.479;6.61441;23.2847
408.02;6.84836;23.4015
409.567;7.08609;23.5208
411.122;7.32934;23.703
412.682;7.58379;23.745
414.245;7.85922;23.9001
415.812;8.15156;24.0079
417.384;8.45605;24.0494
418.96;8.77668;24.2121
420.539;9.11687;24.2552
422.122;9.46859;24.3632
423.711;9.83129;24.4706
425.303;10.2048;24.6335
426.898;10.5961;24.6678
428.498;11.0003;24.7747
430.1;11.42;24.8725
431.7;11.8665;24.9949
433.295;12.3493;25.0535
434.882;12.8661;25.0629
436.467;13.4103;25.1501
438.047;13.9871;25.2869
439.622;14.5955;25.3167
441.192;15.2329;25.4772
442.755;15.8919;25.578
444.32;16.5722;25.6648
445.883;17.2764;25.7557
447.436;18.0118;25.7743
448.98;18.7755;25.9251
450.519;19.5588;25.9488
452.055;20.3682;26.0309
453.579;21.2047;26.0288
455.087;22.0618;25.997
456.583;22.9357;25.9693
458.06;23.8275;25.8197
459.517;24.7444;25.6752
460.943;25.6843;25.5765
462.345;26.6396;25.3403
463.721;27.6135;25.2341
465.064;28.6118;25.0456
466.368;29.6416;24.8241
467.632;30.6951;24.5193
468.856;31.7727;24.2845
470.032;32.8793;24.119
471.156;34.0144;23.8529
472.235;35.1712;23.6
473.271;36.3492;23.2873
474.258;37.5502;23.2229
475.206;38.7752;23.1717
476.121;40.02;23.0184
477.002;41.2709;22.8853
477.85;42.5267;22.6777
478.663;43.7906;22.4985
479.436;45.067;22.3339
480.173;46.3565;22.1993
480.88;47.6498;22.0074
481.554;48.9491;21.9064
482.195;50.2517;21.7358
482.808;51.5544;21.5523
483.389;52.8593;21.3512
483.931;54.1666;21.1339
484.426;55.4725;20.8938
484.878;56.7763;20.5471
485.279;58.082;20.4817
485.629;59.397;20.3667
485.935;60.7203;20.2839
486.197;62.0307;19.921
486.42;63.3244;19.5942
486.607;64.6021;19.3109
486.763;65.864;18.874
486.898;67.1097;18.7252
487.015;68.3402;18.3558
487.114;69.5557;18.229
487.205;70.7564;18.0142
487.29;71.944;17.8238
487.37;73.1207;17.6566
487.447;74.288;17.5127
487.522;75.447;17.3913
487.596;76.599;17.2605
487.673;77.747;17.2395
487.749;78.8934;17.2158
487.825;80.0377;17.2044
487.906;81.1888;17.4127
487.988;82.3486;17.5463
488.074;83.5167;17.6033
488.162;84.694;17.8186
488.255;85.8798;17.8766
488.349;87.0747;18.0956
488.448;88.2785;18.1539
488.548;89.4914;18.3776
488.651;90.7138;18.5072
488.755;91.9453;18.5786
488.864;93.1859;18.7199
488.974;94.4362;18.8633
489.088;95.6954;19.0055
489.204;96.9608;19.0657
489.321;98.2244;19.0405
489.438;99.4865;19.0156
489.558;100.757;19.287
489.679;102.04;19.456
489.802;103.333;19.5278
489.927;104.637;19.7827
490.055;105.951;19.931
490.184;107.276;20.011
490.317;108.611;20.1658
490.459;109.955;20.3155
490.602;111.309;20.4677
490.756;112.671;20.6109
490.927;114.041;20.7506
491.103;115.42;20.896
491.288;116.807;21.1234
491.483;118.201;21.0976
491.684;119.591;21.0831
491.896;120.979;21.0621
492.119;122.373;21.2229
492.353;123.777;21.3845
492.601;125.188;21.6217
492.864;126.607;21.7635
493.139;128.032;21.8989
493.43;129.465;22.0337
493.737;130.904;22.151
494.069;132.345;22.1892
494.437;133.781;22.264
494.846;135.21;22.3201
495.3;136.631;22.3685
495.79;138.044;22.4447
496.315;139.453;22.5367
496.875;140.857;22.6344
497.463;142.256;22.7428
498.073;143.65;22.9191
498.7;145.045;22.9601
499.338;146.442;23.0677
499.984;147.844;23.2242
500.64;149.251;23.2765
501.3;150.663;23.3752
501.964;152.078;23.4738
502.633;153.497;23.5686
503.313;154.919;23.6604
503.999;156.344;23.7537
504.692;157.774;23.8478
505.392;159.21;23.938
506.098;160.646;24.0276
506.809;162.086;24.1142
507.526;163.529;24.2025
508.247;164.977;24.2902
508.977;166.429;24.4368
509.712;167.885;24.4583
510.457;169.339;24.5787
511.208;170.796;24.6185
511.969;172.254;24.7554
512.744;173.711;24.7761
513.528;175.17;24.8558
514.332;176.625;24.9678
515.158;178.068;24.9787
515.998;179.509;25.052
516.858;180.944;25.1848
517.733;182.376;25.1997
518.624;183.806;25.2774
519.531;185.23;25.4079
520.45;186.651;25.4767
521.389;188.065;25.5427
522.345;189.472;25.5491
523.323;190.869;25.6099
524.326;192.254;25.6612
525.351;193.626;25.7713
526.404;194.982;25.7708
527.484;196.32;25.8145
528.589;197.644;25.8764
529.718;198.951;25.9313
530.871;200.243;25.9976
532.043;201.524;26.0708
533.236;202.791;26.1351
534.447;204.048;26.2091
535.672;205.297;26.3469
536.912;206.539;26.3631
538.165;207.776;26.4409
539.429;209.008;26.5178
540.705;210.237;26.5971
541.99;211.462;26.6755
543.289;212.681;26.8112
544.599;213.893;26.8251
545.928;215.095;26.8943
547.27;216.286;26.9675
548.628;217.47;27.0433
550;218.643;27.1213
551.386;219.809;27.203
552.784;220.968;27.2885
554.195;222.122;27.3696
555.619;223.267;27.4499
557.054;224.408;27.5911
558.504;225.54;27.6747
559.966;226.663;27.697
561.442;227.779;27.7867
562.929;228.888;27.9334
564.429;229.99;27.9618
565.943;231.082;28.0456
567.468;232.166;28.1199
569.001;233.24;28.0907
570.541;234.3;28.0575
572.087;235.349;27.9855
573.634;236.383;27.9121
575.184;237.399;27.7728
576.731;238.397;27.6292
578.281;239.373;27.4712
579.838;240.316;27.2064
581.404;241.219;27.0821
582.978;242.081;26.8625
584.559;242.9;26.6377
586.145;243.68;26.4265
587.736;244.417;26.2261
589.331;245.114;25.9515
590.928;245.771;25.8505
592.526;246.394;25.6705
594.125;246.987;25.5853
595.731;247.555;25.5689
597.345;248.102;25.5603
598.951;248.627;25.3142
600.547;249.132;25.067
602.131;249.616;24.7142
603.706;250.085;24.5959
605.269;250.533;24.3617
606.821;250.967;24.1273
608.361;251.382;23.8981
609.889;251.783;23.6676
611.407;252.167;23.4447
612.911;252.537;23.1021
614.405;252.894;22.9962
615.886;253.238;22.7761
617.356;253.567;22.5576
618.819;253.882;22.4764
620.285;254.188;22.4703
621.753;254.48;22.4751
623.206;254.76;22.155
624.64;255.029;21.6687
626.054;255.288;21.5159
627.448;255.538;21.2016
628.823;255.781;20.8986
630.18;256.022;20.6153
631.518;256.257;20.3543
632.842;256.487;19.9918
634.151;256.714;19.7921
635.446;256.939;19.6956
636.73;257.161;19.4388
638.003;257.381;19.3637
639.267;257.599;19.1603
640.527;257.815;19.1977
641.788;258.033;19.2047
643.049;258.25;19.2727
644.317;258.468;19.3882
645.592;258.687;19.4567
646.875;258.908;19.5815
648.167;259.13;19.7708
649.467;259.354;19.8468
650.776;259.579;19.986
652.094;259.806;20.1288
653.422;260.035;20.2748
654.76;260.265;20.4919
656.107;260.497;20.5748
657.465;260.731;20.7282
658.832;260.967;20.8836
660.209;261.204;21.113
661.595;261.442;21.127
662.981;261.681;21.1398
664.368;261.92;21.2411
665.766;262.161;21.344
667.175;262.404;21.5335
668.596;262.649;21.8145
670.03;262.896;21.9914
671.476;263.146;22.0909
672.935;263.397;22.272
674.404;263.651;22.5397
675.885;263.907;22.6268
677.377;264.164;22.8018
678.88;264.423;22.9735
680.394;264.685;23.1141
681.914;264.95;23.2006
683.437;265.217;23.2337
684.959;265.484;23.2386
686.481;265.752;23.2543
688.005;266.022;23.2682
689.522;266.293;23.1352
691.029;266.571;22.989
692.526;266.848;22.7399
694.01;267.13;22.6669
695.48;267.417;22.4967
696.936;267.717;22.3185
698.38;268.021;22.1374
699.811;268.332;21.9545
701.227;268.651;21.6625
702.631;268.973;21.5809
704.02;269.295;21.3961
705.394;269.62;21.2114
706.756;269.951;20.9173
708.11;270.285;20.9785
709.464;270.626;20.9938
710.818;270.977;21.0075
712.156;271.329;20.7139
713.47;271.685;20.4185
714.764;272.043;20.141
716.037;272.405;19.8408
717.29;272.77;19.5411
718.521;273.136;19.2441
719.732;273.504;18.9379
720.924;273.869;18.4908
722.094;274.234;18.364
723.245;274.599;18.122
724.379;274.968;17.8808
725.498;275.338;17.5638
726.603;275.714;17.4932
727.695;276.093;17.2443
728.776;276.479;17.187
729.846;276.872;17.0601
730.899;277.277;16.9537
731.943;277.706;16.9832
732.98;278.152;17.0006
734.013;278.619;17.1268
735.046;279.107;17.2627
736.082;279.611;17.351
737.119;280.135;17.551
738.165;280.673;17.6424
739.21;281.223;17.7874
740.26;281.782;18.0115
741.314;282.355;18.1043
742.366;282.951;18.2517
743.41;283.582;18.3827
744.443;284.247;18.5235
745.474;284.946;18.7358
746.492;285.679;18.8213
747.501;286.431;18.9766
748.499;287.199;18.9956
749.49;287.979;19.019
750.475;288.779;19.1331
751.461;289.599;19.3443
752.448;290.447;19.5396
753.427;291.326;19.7043
754.383;292.235;19.8422
755.32;293.171;19.974
756.244;294.134;20.1376
757.159;295.122;20.3157
758.058;296.143;20.4942
758.951;297.195;20.6833
759.839;298.271;20.8581
760.709;299.365;21.0844
761.562;300.481;21.2079
762.392;301.623;21.2695
763.191;302.788;21.2602
763.948;303.978;21.1725
764.667;305.207;21.243
765.354;306.463;21.3875
766.007;307.74;21.5536
766.636;309.041;21.7122
767.238;310.364;21.9407
767.823;311.704;22.0181
768.384;313.064;22.1519
768.911;314.454;22.2582
769.408;315.867;22.3781
769.878;317.288;22.5134
770.321;318.728;22.6377
770.738;320.184;22.7589
771.122;321.656;22.8607
771.467;323.142;22.9936
771.771;324.652;23.0155
772.025;326.169;23.0593
772.224;327.696;23.0847
772.366;329.231;23.1034
772.456;330.773;23.1426
772.488;332.321;23.176
772.463;333.87;23.2083
772.38;335.423;23.2613
772.24;336.974;23.3112
772.052;338.524;23.4621
771.815;340.071;23.4859
771.525;341.614;23.5859
771.183;343.148;23.603
770.798;344.679;23.6848
770.372;346.205;23.7894
769.908;347.729;23.8987
769.411;349.249;24.0209
768.887;350.769;24.2093
768.336;352.286;24.2641
767.755;353.799;24.3652
767.135;355.305;24.4407
766.473;356.797;24.5118
765.766;358.273;24.555
765.01;359.727;24.5833
764.212;361.163;24.6457
763.374;362.583;24.7211
762.486;363.98;24.7846
761.555;365.355;24.8639
760.584;366.703;25.0082
759.582;368.034;25.1077
758.545;369.35;25.1611
757.476;370.651;25.2704
756.377;371.941;25.4454
755.251;373.212;25.4886
754.101;374.468;25.651
752.921;375.706;25.6849
751.71;376.917;25.7442
750.457;378.1;25.7796
749.171;379.244;25.8294
747.847;380.346;25.7873
746.486;381.401;25.7546
745.086;382.401;25.695
743.642;383.341;25.6053
742.168;384.22;25.5615
740.666;385.045;25.5592
739.137;385.819;25.5914
737.58;386.546;25.6495
735.996;387.223;25.7812
734.386;387.857;25.8299
732.764;388.448;25.992
731.125;389.01;26.109
729.469;389.554;26.1623
727.8;390.081;26.2841
726.117;390.598;26.4058
724.423;391.107;26.5194
722.726;391.612;26.6362
721.019;392.117;26.7502
719.303;392.624;26.8633
717.58;393.132;26.9754
715.849;393.64;27.0845
714.111;394.15;27.1899
712.367;394.663;27.2976
710.617;395.179;27.404
708.86;395.696;27.5537
707.102;396.213;27.5978
705.334;396.733;27.5783
703.57;397.254;27.5578
701.81;397.777;27.4895
700.059;398.298;27.3661
698.318;398.82;27.2909
696.583;399.344;27.1443
694.854;399.873;26.9836
693.145;400.409;26.8119
691.453;400.948;26.6419
689.775;401.491;26.3823
688.109;402.043;26.2859
686.454;402.61;26.0912
684.821;403.195;25.8994
683.218;403.804;25.6934
681.643;404.444;25.3755
680.099;405.122;25.216
678.588;405.842;25.0358
677.092;406.607;24.945
675.633;407.408;24.7754
674.209;408.234;24.5069
672.818;409.082;24.3615
671.464;409.956;24.0994
670.147;410.864;23.7951
668.87;411.798;23.5273
667.64;412.747;23.1364
666.452;413.72;22.9664
665.311;414.722;22.5712
664.219;415.748;22.3795
663.174;416.807;22.0757
662.192;417.89;21.7657
661.273;418.995;21.4517
660.405;420.12;21.0654
659.597;421.267;20.9598
658.848;422.443;20.8185
658.149;423.641;20.7363
657.499;424.849;20.4011
656.904;426.057;20.1282
656.348;427.265;19.8487
655.831;428.468;19.5636
655.351;429.667;19.1898
654.906;430.861;18.949
654.482;432.047;18.8431
654.081;433.227;18.5667
653.699;434.4;18.4762
653.332;435.568;18.3272
652.986;436.732;18.1982
652.665;437.896;18.0877
652.37;439.06;17.9638
652.093;440.226;17.9689
651.836;441.394;17.9464
651.591;442.565;18.0033
651.359;443.745;18.0768
651.132;444.937;18.2258
650.909;446.139;18.3759
650.694;447.352;18.5209
650.483;448.576;18.7533
650.275;449.811;18.9059
650.074;451.057;19.0563
649.879;452.315;19.2109
649.687;453.583;19.2846
649.497;454.862;19.5236
649.309;456.152;19.5977
649.121;457.452;19.7551
648.937;458.764;19.9116
648.753;460.083;19.9873
648.577;461.403;19.9781
648.404;462.723;19.9685
648.233;464.053;20.1541
648.07;465.394;20.4185
647.921;466.749;20.5072
647.775;468.117;20.6865
647.633;469.498;20.9536
647.497;470.89;21.0381
647.364;472.295;21.2109
647.234;473.711;21.3792
647.104;475.137;21.547
646.974;476.575;21.7962
646.843;478.024;21.9598
646.712;479.484;22.0388
646.58;480.955;22.1998
646.449;482.434;22.2852
646.317;483.912;22.281
646.185;485.39;22.2794
646.052;486.878;22.461
645.918;488.378;22.7276
645.783;489.888;22.8072
645.648;491.408;22.972
645.513;492.941;23.2142
645.376;494.486;23.368
645.237;496.039;23.4419
645.097;497.602;23.6565
644.959;499.172;23.7283
644.819;500.751;23.8696
644.672;502.341;24.0024
644.519;503.943;24.205
644.363;505.551;24.2696
644.205;507.165;24.3959
644.043;508.785;24.527
643.878;510.417;24.6575
643.709;512.057;24.7872
643.536;513.71;24.9696
643.351;515.364;25.02
643.149;517.02;25.1244
642.924;518.682;25.2211
642.672;520.35;25.3299
642.395;522.022;25.4387
642.094;523.702;25.544
641.775;525.377;25.7196
641.44;527.058;25.7766
641.084;528.744;25.8868
640.7;530.43;25.9812
640.276;532.118;26.0811
639.816;533.796;26.0954
639.324;535.467;26.1716
638.799;537.137;26.2552
638.235;538.799;26.3959
637.63;540.459;26.4339
636.994;542.116;26.5229
636.329;543.756;26.6035
635.626;545.387;26.6579
634.879;547.001;26.6861
634.082;548.595;26.691
633.228;550.165;26.6559
632.325;551.702;26.6377
631.379;553.213;26.653
630.387;554.697;26.7327
629.348;556.149;26.7449
628.255;557.566;26.6985
627.116;558.942;26.6712
625.932;560.271;26.6417
624.705;561.558;26.596
623.433;562.799;26.6041
622.113;563.998;26.5253
620.759;565.15;26.6151
619.372;566.262;26.599
617.953;567.335;26.6485
616.502;568.369;26.7591
615.017;569.367;26.7496
613.507;570.323;26.8113
611.971;571.23;26.769
610.409;572.093;26.7654
608.822;572.919;26.7947
607.209;573.708;26.8417
605.577;574.457;26.8993
603.926;575.169;26.9652
602.26;575.853;27.0434
600.578;576.514;27.1268
598.881;577.154;27.201
597.17;577.769;27.2663
595.452;578.369;27.402
593.722;578.945;27.4022
591.979;579.502;27.469
590.223;580.034;27.528
588.455;580.538;27.5726
586.678;581.004;27.5919
584.888;581.431;27.6117
583.088;581.814;27.6719
581.275;582.159;27.6388
579.453;582.464;27.6931
577.624;582.73;27.7838
575.788;582.966;27.7914
573.946;583.191;27.8739
572.096;583.407;27.9553
570.24;583.617;28.0851
568.382;583.823;28.094
566.519;584.031;28.1641
564.652;584.233;28.2321
562.778;584.436;28.3028
560.898;584.635;28.3701
559.016;584.826;28.4313
557.128;585.01;28.5589
555.236;585.189;28.5631
553.336;585.359;28.6287
551.436;585.525;28.7469
549.529;585.686;28.7501
547.617;585.844;28.8159
545.7;585.997;28.8782
543.779;586.146;28.9964
541.857;586.292;28.9978
539.927;586.436;29.1175
537.993;586.57;29.1509
536.054;586.7;29.243
534.112;586.823;29.2308
532.166;586.935;29.2902
530.215;587.038;29.4123
528.259;587.134;29.4124
526.299;587.221;29.4732
524.335;587.298;29.5238
522.368;587.371;29.5888
520.396;587.438;29.6499
518.419;587.495;29.734
516.436;587.544;29.7655
514.453;587.589;29.8786
512.466;587.626;29.8773
510.474;587.652;29.9918
508.478;587.672;29.9908
506.476;587.684;30.0512
505.476;587.688;30.1352
504.476;587.689;30.1041
503.472;587.686;30.1801
502.468;587.678;30.1485
501.463;587.667;30.2375
500.457;587.654;30.2654
499.451;587.638;30.2329
498.443;587.62;30.2611
497.433;587.597;30.2909
496.426;587.573;30.3091
495.415;587.545;30.355
494.409;587.511;30.3225
493.4;587.476;30.2891
492.394;587.438;30.2564
491.388;587.398;30.2253
490.383;587.355;30.1919
489.378;587.309;30.2238
488.373;587.26;30.2559
487.367;587.208;30.2248
486.363;587.155;30.2198
485.362;587.1;30.1889
484.358;587.043;30.1549
483.358;586.984;30.1115
482.359;586.923;30.035
480.368;586.787;29.9045
478.385;586.638;29.8024
476.415;586.479;29.613
474.457;586.303;29.5012
472.509;586.115;29.3404
470.574;585.914;29.1785
468.649;585.699;29.0143
466.74;585.472;28.7994
464.842;585.236;28.6323
462.955;584.985;28.5724
461.073;584.724;28.5072
459.197;584.452;28.4437
457.335;584.168;28.2505
455.487;583.876;28.0553
453.653;583.575;27.8647
451.833;583.265;27.5858
450.029;582.938;27.4913
448.242;582.588;27.2329
446.47;582.224;27.1074
444.716;581.84;26.9179
442.977;581.439;26.7359
441.255;581.023;26.4978
439.549;580.593;26.3225
437.857;580.151;26.209
436.179;579.702;26.0371
434.513;579.245;25.9323
432.856;578.771;25.8652
431.21;578.275;25.692
429.582;577.769;25.4432
427.974;577.243;25.3476
426.384;576.699;25.1905
424.808;576.139;25.0784
423.247;575.559;24.9904
421.699;574.953;24.9504
420.159;574.332;24.9101
418.633;573.685;24.9147
417.115;573.018;24.9227
415.601;572.33;24.9054
414.098;571.626;24.9309
412.604;570.898;24.9846
411.123;570.144;24.972
409.65;569.372;24.9658
408.184;568.582;24.8993
406.737;567.775;24.8308
405.297;566.952;24.9131
403.865;566.11;24.9853
402.444;565.244;25.0397
401.034;564.34;25.0772
399.638;563.416;25.1171
398.27;562.463;25.0391
396.935;561.478;24.9201
395.636;560.462;24.7537
394.379;559.406;24.5244
393.17;558.312;24.2578
392.02;557.191;24.0038
390.921;556.043;23.755
389.875;554.868;23.4979
388.881;553.666;23.3003
387.936;552.43;23.1353
387.05;551.171;23.0041
386.215;549.902;22.7425
385.432;548.622;22.5293
384.69;547.33;22.3649
383.982;546.025;22.2429
383.313;544.704;22.1418
382.69;543.375;22.0472
382.114;542.034;21.959
381.582;540.681;21.8929
381.099;539.313;21.8409
380.66;537.93;21.7601
380.258;536.534;21.7966
379.898;535.13;21.7551
379.574;533.719;21.7841
379.284;532.3;21.8136
379.017;530.873;21.8627
378.773;529.438;21.9101
378.547;528;21.8359
378.338;526.568;21.7611
378.147;525.134;21.7678
377.973;523.695;21.8498
377.819;522.249;21.9264
377.681;520.794;22.0074
377.557;519.331;22.0798
377.449;517.862;22.1565
377.358;516.388;22.2265
377.284;514.91;22.2913
377.223;513.427;22.3629
377.179;511.938;22.4304
377.148;510.442;22.4926
377.13;508.942;22.5601
377.133;507.44;22.665
377.167;505.935;22.6425
377.239;504.432;22.706
377.348;502.927;22.6808
377.492;501.423;22.7088
377.666;499.918;22.8215
377.872;498.415;22.8784
378.105;496.911;22.878
378.359;495.407;23.0089
378.635;493.902;23.0737
378.923;492.395;23.0795
379.224;490.886;23.1475
379.533;489.374;23.2209
379.85;487.857;23.2919
380.177;486.339;23.3584
380.513;484.818;23.489
380.866;483.296;23.552
381.232;481.772;23.558
381.609;480.247;23.6275
382.004;478.721;23.6929
382.415;477.195;23.7569
382.841;475.668;23.8268
383.284;474.142;23.8943
383.744;472.616;24.0214
384.219;471.089;24.0851
384.711;469.563;24.099
385.221;468.036;24.2096
385.752;466.517;24.2556
386.315;465.003;24.3157
386.898;463.494;24.3227
387.506;461.988;24.3882
388.141;460.49;24.5139
388.799;458.995;24.5661
389.475;457.504;24.6042
390.174;456.018;24.6773
390.892;454.535;24.8163
391.625;453.053;24.8326
392.378;451.576;24.9123
393.144;450.099;24.9943
393.924;448.623;25.0824
394.719;447.15;25.1611
395.528;445.676;25.248
396.352;444.206;25.3317
397.188;442.734;25.4201
398.038;441.266;25.5054
398.905;439.799;25.588
399.785;438.334;25.734
400.682;436.873;25.7638
401.596;435.416;25.9113
402.529;433.956;25.9386
403.483;432.508;26.0105
404.466;431.076;26.0594
405.483;429.666;26.1499
406.531;428.273;26.1802
407.617;426.906;26.1613
408.74;425.553;26.209
409.889;424.227;26.2727
411.061;422.919;26.3458
412.256;421.626;26.4228
413.467;420.343;26.5066
414.694;419.065;26.6278
415.936;417.783;26.6598
417.178;416.508;26.7357
418.426;415.232;26.8076
419.677;413.955;26.8794
420.933;412.674;26.9512
422.195;411.387;27.0214
423.461;410.095;27.1451
424.724;408.805;27.1467
425.989;407.512;27.2377
427.258;406.217;27.2694
428.53;404.917;27.3319
429.808;403.61;27.3903
431.085;402.305;27.4473
432.364;400.996;27.5026
433.645;399.685;27.6198
434.928;398.372;27.6413
436.214;397.055;27.6688
437.506;395.733;27.7183
438.796;394.413;27.7689
440.088;393.09;27.8179
441.382;391.765;27.8669
442.678;390.437;27.9158
443.977;389.106;27.964
445.28;387.771;28.0308
446.582;386.437;28.0532
447.884;385.1;28.0954
449.187;383.76;28.2
450.491;382.416;28.1825
451.798;381.069;28.2104
453.102;379.721;28.186
454.4;378.379;28.1026
455.692;377.037;28.0169
456.977;375.701;27.8348
458.249;374.366;27.6955
459.509;373.035;27.4828
460.746;371.71;27.2582
461.967;370.392;27.0267
463.171;369.08;26.711
464.359;367.774;26.5471
465.533;366.477;26.3015
466.695;365.182;26.0469
467.836;363.902;25.789
468.957;362.628;25.5311
470.057;361.36;25.2757
471.132;360.094;24.931
472.191;358.832;24.7657
473.242;357.564;24.668
474.268;356.299;24.5666
475.277;355.035;24.3474
476.256;353.776;23.9039
477.199;352.518;23.6842
478.104;351.256;23.3415
478.977;349.99;22.8819
479.798;348.729;22.5256
480.566;347.462;22.2778
481.285;346.194;21.8221
481.959;344.928;21.5931
482.588;343.658;21.2988
483.172;342.381;21.0511
483.724;341.11;20.8534
484.242;339.837;20.6772
484.726;338.561;20.5627
485.172;337.283;20.4562
485.587;336.001;20.3736
485.961;334.708;20.2799
486.295;333.407;20.1922
486.589;332.109;20.0603
486.841;330.81;19.9039
487.044;329.51;19.8179
487.199;328.206;19.809
487.323;326.895;19.83
487.403;325.58;19.8579
487.442;324.261;19.9401
487.448;322.938;19.9296
487.428;321.611;19.9999
487.377;320.281;20.0571
487.291;318.95;20.0985
487.164;317.621;20.1778
486.994;316.292;20.1501
486.778;314.97;20.1647
486.519;313.651;20.2085
486.225;312.335;20.2779
485.896;311.03;20.2191
485.533;309.736;20.1521
485.145;308.452;20.1831
484.725;307.171;20.295
484.27;305.894;20.3836
483.781;304.622;20.5416
483.258;303.362;20.6011
482.69;302.114;20.595
482.084;300.879;20.6687
481.446;299.652;20.764
480.774;298.438;20.9277
480.073;297.232;20.9567
479.348;296.031;21.0667
478.607;294.834;21.1691
477.852;293.636;21.2786
477.082;292.441;21.376
476.294;291.249;21.5394
475.497;290.056;21.5738
474.685;288.865;21.7355
473.861;287.674;21.7682
473.028;286.482;21.9361
472.184;285.288;22.0341
471.333;284.091;22.1313
470.469;282.896;22.1602
469.585;281.708;22.2845
468.678;280.533;22.3021
467.743;279.376;22.3617
466.773;278.241;22.3866
465.766;277.139;22.397
464.721;276.067;22.4273
463.648;275.02;22.5463
462.542;273.999;22.5591
461.41;273.002;22.6454
460.252;272.026;22.7466
459.071;271.069;22.8397
457.863;270.135;22.9184
456.631;269.23;22.9753
455.372;268.351;23.0569
454.095;267.486;23.1509
452.797;266.642;23.25
451.478;265.823;23.3994
450.137;265.023;23.5067
448.781;264.236;23.6143
447.406;263.466;23.6553
446.013;262.718;23.7353
444.602;261.999;23.8377
443.17;261.315;23.8441
441.713;260.674;23.8849
440.234;260.073;23.9838
438.73;259.525;23.989
437.204;259.036;23.9323
435.667;258.604;23.9591
434.117;258.227;23.91
432.553;257.91;23.8912
430.974;257.651;23.9228
429.379;257.453;24.0078
427.777;257.316;23.9868
426.179;257.241;24.0069
424.579;257.22;24.0597
422.976;257.259;24.031
421.373;257.361;24.1278
419.765;257.528;24.102
418.17;257.758;24.1048
416.589;258.048;24.1212
415.011;258.384;24.1917
413.437;258.768;24.2854
411.869;259.203;24.4623
410.301;259.69;24.4998
408.744;260.207;24.6187
407.193;260.754;24.734
405.646;261.337;24.8792
404.109;261.96;24.9257
402.571;262.614;25.106
401.035;263.3;25.1449
399.518;264.017;25.23
398.008;264.764;25.3342
396.501;265.539;25.4437
395.006;266.349;25.585
393.522;267.204;25.6059
392.056;268.094;25.7148
390.619;269.025;25.7472
389.208;269.999;25.7237
387.824;271.018;25.8201
386.465;272.077;25.8119
385.128;273.183;25.9382
383.825;274.325;25.9547
382.546;275.498;26.0559
381.283;276.7;26.1663
380.035;277.927;26.3279
378.805;279.183;26.374
377.585;280.462;26.4837
376.377;281.756;26.593
375.183;283.073;26.6855
374.009;284.415;26.7734
372.845;285.775;26.8785
371.692;287.155;26.9824
370.559;288.556;27.069
369.439;289.978;27.2343
368.329;291.416;27.3401
367.228;292.87;27.387
366.134;294.339;27.4959
365.044;295.823;27.6643
363.958;297.316;27.7707
362.872;298.817;27.8733
361.788;300.324;27.9783
360.701;301.838;28.0252
359.609;303.361;28.131
358.511;304.892;28.2341
357.412;306.426;28.337
356.312;307.964;28.4976
355.207;309.509;28.5427
354.096;311.06;28.6473
352.98;312.617;28.7515
351.86;314.182;28.8442
350.742;315.747;29.0011
349.617;317.32;29.111
348.485;318.898;29.1574
347.349;320.482;29.2606
346.216;322.074;29.359
345.082;323.674;29.4611
343.947;325.284;29.5624
342.818;326.904;29.7196
341.692;328.533;29.816
340.571;330.17;29.863
339.445;331.824;29.9672
338.883;332.653;30.0182
338.322;333.483;30.0706
337.76;334.315;30.1224
337.198;335.148;30.1733
336.638;335.982;30.2179
336.078;336.818;30.3299
335.516;337.655;30.3252
334.954;338.496;30.3799
334.389;339.339;30.4337
333.821;340.186;30.4869
333.253;341.034;30.5357
332.686;341.881;30.5873
332.118;342.729;30.6393
331.551;343.578;30.7422
330.984;344.427;30.7358
330.415;345.279;30.7893
329.845;346.131;30.7991
329.274;346.984;30.7951
328.703;347.836;30.7884
328.131;348.69;30.7793
327.557;349.545;30.8161
326.984;350.4;30.8511
326.414;351.251;30.8511
325.841;352.105;30.8988
325.268;352.961;30.9438
324.694;353.819;30.991
324.117;354.678;31.0376
323.54;355.537;31.0843
322.961;356.398;31.1314
322.38;357.262;31.1767
321.797;358.13;31.2219
321.215;358.996;31.2566
320.635;359.86;31.3035
320.053;360.727;31.3491
319.47;361.594;31.4472
318.885;362.464;31.439
318.299;363.334;31.4833
317.712;364.205;31.5811
317.122;365.077;31.5728
316.527;365.951;31.6124
315.926;366.824;31.6973
315.325;367.695;31.7358
314.721;368.561;31.7199
314.112;369.426;31.7919
313.496;370.287;31.8099
312.87;371.143;31.7866
312.236;371.992;31.7895
311.592;372.835;31.785
310.938;373.669;31.7709
310.267;374.499;31.7533
309.591;375.321;31.7341
308.905;376.128;31.718
308.208;376.926;31.6922
307.502;377.714;31.6556
306.784;378.491;31.6062
306.055;379.257;31.5259
305.315;380.012;31.5259
304.565;380.756;31.5029
303.804;381.49;31.4837
303.03;382.212;31.4675
302.247;382.921;31.448
301.458;383.615;31.448
300.658;384.3;31.4606
299.851;384.977;31.5191
299.037;385.645;31.4874
298.213;386.301;31.5698
297.382;386.951;31.5431
296.545;387.591;31.5764
295.698;388.221;31.6387
294.844;388.844;31.6387
293.985;389.456;31.6635
293.116;390.058;31.684
292.241;390.653;31.7133
291.361;391.241;31.7514
290.475;391.823;31.7894
289.582;392.396;31.822
288.683;392.961;31.8493
287.777;393.516;31.911
286.864;394.061;31.886
285.946;394.598;31.9085
285.021;395.128;31.9988
284.092;395.65;32.0286
283.156;396.165;32.0054
282.215;396.67;32.0796
281.267;397.164;32.1107
280.313;397.651;32.0873
279.355;398.13;32.1246
278.391;398.602;32.2215
277.423;399.067;32.206
276.45;399.524;32.2493
275.472;399.974;32.2907
274.488;400.415;32.3738
273.5;400.848;32.3597
272.507;401.271;32.4248
271.509;401.684;32.4052
270.507;402.088;32.4322
269.5;402.485;32.5242
268.488;402.875;32.5042
267.473;403.257;32.5426
266.453;403.632;32.5834
265.429;403.999;32.6263
264.401;404.36;32.6706
263.369;404.713;32.7728
262.334;405.06;32.7647
261.295;405.402;32.8692
260.253;405.737;32.863
259.207;406.067;32.91
258.158;406.391;32.9528
257.105;406.707;32.9912
256.049;407.015;33.0244
254.99;407.317;33.0654
253.928;407.614;33.1113
252.862;407.907;33.1576
251.794;408.194;33.2039
250.722;408.476;33.251
249.648;408.752;33.2955
248.57;409.02;33.3358
247.489;409.28;33.3712
246.406;409.535;33.4152
245.319;409.785;33.516
244.23;410.029;33.5079
243.138;410.269;33.5555
242.043;410.503;33.6524
240.946;410.732;33.7068
239.846;410.957;33.7565
238.744;411.178;33.7522
237.639;411.396;33.8023
236.532;411.609;33.8532
235.422;411.821;33.9041
234.311;412.029;33.9549
233.198;412.235;34.0061
232.082;412.44;34.0572
230.964;412.643;34.1084
229.845;412.844;34.1586
228.723;413.045;34.2104
227.6;413.245;34.2607
226.475;413.444;34.3621
225.348;413.642;34.3621
224.219;413.841;34.4122
223.089;414.039;34.4627
221.957;414.235;34.5117
220.822;414.429;34.6115
219.686;414.622;34.6622
218.549;414.815;34.7115
217.409;415.007;34.7612
216.267;415.198;34.7579
215.124;415.388;34.8077
213.978;415.577;34.9099
212.831;415.764;34.9068
211.682;415.951;34.9562
210.531;416.137;35.0578
209.379;416.322;35.0546
208.225;416.507;35.105
207.069;416.691;35.1543
205.911;416.874;35.2561
204.751;417.057;35.253
203.591;417.242;35.3013
202.428;417.426;35.4037
201.263;417.61;35.4513
200.098;417.794;35.448
198.931;417.978;35.5504
197.761;418.163;35.5961
196.591;418.349;35.5961
195.418;418.535;35.6454
194.244;418.721;35.7462
193.069;418.909;35.743
191.892;419.096;35.7919
190.713;419.284;35.8411
189.534;419.472;35.8883
188.352;419.661;35.9383
187.169;419.851;35.987
185.984;420.04;36.0873
184.798;420.23;36.0841
183.61;420.421;36.1325
182.42;420.612;36.1813
181.228;420.803;36.2302
180.036;420.994;36.2767
178.843;421.186;36.3267
177.647;421.378;36.375
176.449;421.57;36.4232
175.25;421.762;36.4717
174.049;421.955;36.5199
172.847;422.148;36.5683
171.643;422.342;36.6165
170.437;422.533;36.6641
169.23;422.723;36.7078
168.022;422.913;36.7573
166.811;423.102;36.8053
165.598;423.291;36.8529
164.384;423.479;36.9522
163.168;423.665;36.9486
161.95;423.851;37.0484
160.73;424.035;37.0896
159.509;424.217;37.0896
158.286;424.396;37.1855
157.061;424.573;37.1814
155.834;424.749;37.2801
154.605;424.924;37.2759
153.374;425.097;37.3231
152.142;425.268;37.4223
150.907;425.437;37.4184
149.671;425.604;37.4646
148.434;425.77;37.5643
147.194;425.934;37.5609
145.952;426.098;37.6084
144.709;426.26;37.6562
143.464;426.421;37.7552
142.217;426.581;37.7517
140.968;426.741;37.8484
139.719;426.898;37.8928
138.467;427.053;37.9328
137.213;427.202;37.9284
135.957;427.35;38.0254
134.7;427.495;38.0193
133.44;427.636;38.0618
132.179;427.772;38.1521
130.915;427.904;38.1939
129.65;428.033;38.2377
128.384;428.157;38.2307
127.114;428.277;38.2746
125.844;428.393;38.3698
124.571;428.504;38.4123
123.296;428.61;38.4063
122.02;428.71;38.4967
120.742;428.806;38.5338
119.462;428.899;38.5856
118.181;428.987;38.5799
116.897;429.071;38.6221
115.612;429.151;38.6677
114.325;429.227;38.7644
113.037;429.299;38.7594
111.747;429.367;38.8027
110.454;429.432;38.8492
109.161;429.493;38.895
107.866;429.552;38.9421
106.569;429.608;39.0399
105.27;429.661;39.0356
103.97;429.711;39.0827
102.668;429.76;39.181
101.365;429.806;39.1769
100.059;429.851;39.2751
98.7528;429.894;39.271
97.4447;429.934;39.3164
96.1348;429.971;39.3585
94.8233;430.006;39.4053
93.5103;430.039;39.5028
92.1957;430.071;39.498
90.8793;430.101;39.5444
89.5617;430.128;39.6397
88.2424;430.153;39.6347
86.9217;430.172;39.6753
85.5997;430.186;39.7111
84.2761;430.196;39.8044
82.951;430.203;39.8467
81.6244;430.207;39.8383
80.2964;430.206;39.9312
78.9669;430.2;39.9237
77.6362;430.189;39.9636
76.3044;430.172;39.999
74.9711;430.15;40.0413
73.6365;430.123;40.0835
72.3006;430.092;40.1262
70.9634;430.056;40.2131
69.625;430.015;40.2131
68.2852;429.971;40.2574
66.9441;429.922;40.3021
65.6017;429.869;40.3925
64.2579;429.813;40.3925
62.9128;429.753;40.438
61.5666;429.689;40.4808
60.2196;429.62;40.5198
58.8714;429.544;40.5543
57.522;429.465;40.5949
56.1714;429.381;40.6371
54.8195;429.294;40.679
53.4666;429.202;40.7209
52.1128;429.104;40.7598
50.7583;429.002;40.8018
49.4023;428.895;40.8447
48.0451;428.783;40.8873
46.6871;428.667;40.9813
45.3278;428.547;40.9747
43.9675;428.423;41.0186
42.6063;428.295;41.1137
41.2439;428.163;41.1078
39.8814;428.028;41.1491
38.5164;427.886;41.2386
37.1517;427.742;41.2757
35.7848;427.594;41.2757
34.4176;427.442;41.3162
33.0498;427.284;41.3529
31.6818;427.118;41.3837
30.3141;426.949;41.4723
28.9432;426.774;41.5069
27.5737;426.594;41.4943
26.203;426.405;41.5243
24.8332;426.207;41.5947
23.4633;426.002;41.5753
22.0932;425.791;41.6069
20.7245;425.573;41.6378
19.3538;425.347;41.6737
17.9826;425.114;41.7429
16.6127;424.874;41.7429
15.2427;424.624;41.7754
13.8742;424.366;41.8027
12.5055;424.101;41.8393
11.1384;423.83;41.8748
9.76872;423.55;41.9626
8.39955;423.266;41.9521
7.03267;422.974;41.9893
5.66551;422.675;42.0212
4.29963;422.366;42.0467
2.93519;422.047;42.1101
1.571;421.719;42.1396
0.206612;421.383;42.1166
-1.155;421.041;42.1455
-2.51558;420.69;42.1721
-3.87443;420.329;42.2319
-5.23138;419.958;42.2053
-6.58517;419.574;42.2053
-7.93592;419.176;42.184
-9.28162;418.765;42.1367
-10.6204;418.337;42.0665
-11.9525;417.897;41.9873
-13.2787;417.445;41.8967
-14.5989;416.981;41.6981
-15.9122;416.504;41.6981
-17.2184;416.015;41.5581
-18.521;415.51;41.4542
-19.8063;414.995;41.352
-21.0866;414.466;41.2279
-22.357;413.926;41.0682
-23.6187;413.372;40.9846
-24.8708;412.802;40.8467
-26.1124;412.214;40.6468
-27.3364;411.615;40.5766
-28.5501;411.003;40.4399
-29.7524;410.379;40.3048
-30.9442;409.744;40.1002
-32.1247;409.097;40.0145
-33.2944;408.435;39.8843
-34.4554;407.755;39.7882
-35.6013;407.061;39.6993
-36.7294;406.354;39.6258
-37.8473;405.634;39.5393
-38.9514;404.903;39.4017
-40.0417;404.161;39.2423
-41.1187;403.399;39.0161
-42.181;402.628;38.8122
-43.216;401.848;38.6209
-44.2401;401.056;38.3938
-45.2472;400.255;38.195
-46.2388;399.443;37.8817
-47.2136;398.622;37.7284
-48.1728;397.778;37.4002
-49.112;396.923;37.1021
-50.0183;396.068;36.781
-50.9089;395.203;36.3236
-51.7821;394.333;36.3236
-52.6399;393.454;35.5889
-53.4743;392.559;35.5889
-54.2827;391.646;35.0483
-55.0602;390.732;34.6955
-55.808;389.819;34.5037
-56.5381;388.902;34.2844
-57.2598;387.976;33.9974
-57.9611;387.047;33.7391
-58.6416;386.112;33.4712
-59.2959;385.163;33.1358
-59.9314;384.213;32.8707
-60.5369;383.267;32.7153
-61.1219;382.314;32.5341
-61.6885;381.357;32.3835
-62.2356;380.397;32.2675
-62.7633;379.432;32.1618
-63.2729;378.465;32.0778
-63.7606;377.495;32.0049
-64.2283;376.518;31.7942
-64.6798;375.541;31.6123
-65.1047;374.567;31.3725
-65.5126;373.592;31.2991
-65.9038;372.618;31.1624
-66.2781;371.644;31.0294
-66.6367;370.67;30.9097
-66.9796;369.696;30.7844
-67.3068;368.722;30.6401
-67.6177;367.749;30.4929
-67.9141;366.777;30.3649
-68.1948;365.807;30.2347
-68.462;364.839;30.0894
-68.9616;362.908;29.8297
-69.4218;360.988;29.4805
-69.8476;359.08;29.3098
-70.2571;357.187;28.9406
-70.6692;355.315;28.6746
-71.0984;353.465;28.4972
-71.5494;351.639;28.1956
-72.0217;349.828;28.0866
-72.522;348.031;27.9879
-73.0546;346.254;27.7804
-73.6088;344.507;27.4708
-74.1889;342.787;27.2003
-74.7965;341.094;26.8755
-75.4344;339.429;26.7166
-76.1087;337.794;26.4984
-76.8217;336.19;26.2896
-77.5691;334.613;26.0777
-78.3565;333.066;25.9423
-79.179;331.548;25.8386
-80.0402;330.055;25.7659
-80.9337;328.589;25.7386
-81.8615;327.145;25.7127
-82.8182;325.721;25.7168
-83.8034;324.32;25.6786
-84.8179;322.944;25.6202
-85.8569;321.588;25.6311
-86.9174;320.242;25.7092
-88.003;318.91;25.7825
-89.109;317.587;25.8733
-90.232;316.271;25.9683
-91.3738;314.963;26.0569
-92.5391;313.67;26.1302
-93.7334;312.399;26.1785
-94.9569;311.149;26.2431
-96.2113;309.924;26.3472
-97.4962;308.724;26.3505
-98.8085;307.547;26.43
-100.148;306.392;26.5214
-101.512;305.257;26.6228
-102.893;304.141;26.6096
-104.287;303.047;26.5744
-105.7;301.978;26.5991
-107.134;300.924;26.7279
-108.586;299.879;26.8589
-110.056;298.844;26.9885
-111.543;297.817;27.1914
-113.042;296.797;27.2386
-114.553;295.778;27.4321
-116.072;294.758;27.5479
-117.6;293.737;27.5901
-119.135;292.712;27.7015
-120.675;291.684;27.876
-122.221;290.651;27.913
-123.773;289.615;28.0156
-125.33;288.574;28.1164
-126.893;287.529;28.2135
-128.46;286.481;28.3109
-130.032;285.428;28.4059
-131.61;284.372;28.5
-133.193;283.313;28.6554
-134.781;282.249;28.6831
-136.37;281.178;28.7693
-137.962;280.101;28.8591
-139.558;279.017;28.9482
-141.155;277.926;29.0362
-142.755;276.829;29.1233
-144.358;275.726;29.2113
-145.965;274.618;29.2982
-147.575;273.505;29.3847
-149.189;272.387;29.471
-150.807;271.266;29.5571
-152.43;270.141;29.7022
-154.057;269.012;29.7287
-155.688;267.88;29.8142
-157.325;266.745;29.8998
-158.965;265.606;29.9852
-159.788;265.035;30.0278
-160.611;264.464;30.0703
-161.436;263.892;30.1131
-162.261;263.319;30.1557
-163.088;262.745;30.1981
-163.916;262.17;30.2995
-164.745;261.594;30.3418
-165.576;261.018;30.3258
-166.407;260.441;30.3686
-167.24;259.863;30.4112
-168.074;259.284;30.4536
-168.909;258.705;30.4962
-169.745;258.124;30.5389
-170.582;257.543;30.5814
-171.421;256.961;30.6238
-172.26;256.378;30.7248
-173.101;255.794;30.709
-173.943;255.21;30.7513
-174.786;254.625;30.7941
-175.629;254.04;30.795
-176.472;253.455;30.7779
-177.314;252.87;30.7605
-178.155;252.286;30.7432
-178.997;251.702;30.7258
-179.839;251.117;30.7607
-180.682;250.532;30.7977
-181.527;249.946;30.8353
-182.372;249.359;30.8728
-183.218;248.771;30.9637
-184.066;248.183;30.9485
-184.914;247.594;30.9864
-185.763;247.004;31.0242
-186.614;246.414;31.0623
-187.465;245.822;31.1004
-188.318;245.23;31.1907
-189.171;244.637;31.1754
-190.023;244.04;31.2102
-190.873;243.439;31.2416
-191.721;242.832;31.2681
-192.567;242.222;31.3013
-193.414;241.61;31.3363
-194.259;240.994;31.3707
-195.101;240.372;31.402
-195.941;239.745;31.4292
-196.778;239.113;31.5172
-197.614;238.477;31.4977
-198.448;237.837;31.5326
-199.28;237.192;31.5682
-200.11;236.542;31.6045
-200.938;235.889;31.6414
-201.765;235.232;31.6788
-202.591;234.571;31.7166
-203.415;233.908;31.7547
-204.239;233.241;31.793
-205.063;232.572;31.8315
-205.886;231.9;31.87
-206.708;231.225;31.9064
-207.528;230.546;31.9398
-208.345;229.862;31.9696
-209.159;229.173;31.9944
-209.97;228.479;32.0263
-210.781;227.782;32.1156
-211.59;227.081;32.0951
-212.395;226.375;32.126
-213.197;225.663;32.2077
-213.996;224.947;32.1868
-214.793;224.227;32.2208
-215.587;223.501;32.2554
-216.379;222.772;32.3447
-217.168;222.038;32.3808
-217.956;221.3;32.3635
-218.741;220.558;32.4007
-219.525;219.813;32.4382
-220.307;219.065;32.476
-221.088;218.313;32.5112
-221.865;217.556;32.5399
-222.638;216.795;32.5574
-223.407;216.029;32.5589
-224.171;215.258;32.5557
-224.933;214.486;32.5338
-225.689;213.71;32.5086
-226.44;212.93;32.4801
-227.183;212.144;32.4471
-227.919;211.352;32.4079
-228.645;210.554;32.3497
-229.362;209.75;32.2936
-230.073;208.942;32.2438
-230.776;208.129;32.2056
-231.472;207.311;32.1709
-232.159;206.487;32.1425
-232.837;205.656;32.1153
-233.504;204.818;32.087
-234.164;203.974;32.0696
-234.815;203.125;32.0602
-235.459;202.269;32.056
-236.095;201.409;32.057
-236.724;200.543;32.0585
-237.345;199.672;32.0632
-237.959;198.796;32.0407
-238.563;197.916;32.0122
-239.158;197.031;31.9707
-239.742;196.141;31.9167
-240.316;195.247;31.8229
-240.88;194.349;31.7892
-241.436;193.448;31.7314
-241.984;192.543;31.6815
-242.522;191.635;31.6385
-243.051;190.722;31.599
-243.571;189.805;31.5715
-244.082;188.885;31.5467
-244.585;187.961;31.517
-245.08;187.034;31.4933
-245.567;186.103;31.4663
-246.046;185.17;31.4459
-246.519;184.234;31.4242
-246.984;183.296;31.4036
-247.441;182.357;31.3233
-247.89;181.417;31.246
-248.33;180.475;31.1738
-248.764;179.533;31.0575
-249.191;178.59;31.0381
-249.613;177.648;30.966
-250.028;176.705;30.8896
-250.434;175.762;30.7484
-250.831;174.817;30.7281
-251.219;173.872;30.6452
-251.599;172.926;30.5617
-251.972;171.981;30.475
-252.339;171.036;30.387
-252.698;170.092;30.2974
-253.049;169.147;30.2081
-253.39;168.203;30.1192
-253.725;167.258;30.0347
-254.374;165.371;29.8267
-254.998;163.486;29.6677
-255.598;161.605;29.5157
-256.169;159.725;29.4282
-256.704;157.844;29.2951
-257.198;155.958;29.2053
-257.657;154.068;29.1297
-258.081;152.176;28.9859
-258.468;150.292;28.7655
-258.814;148.414;28.5532
-259.115;146.543;28.3502
-259.377;144.679;28.1763
-259.607;142.82;27.9599
-259.805;140.969;27.8579
-259.973;139.127;27.6961
-260.112;137.292;27.552
-260.228;135.464;27.4363
-260.326;133.642;27.35
-260.406;131.823;27.2883
-260.463;130.007;27.24
-260.488;128.193;27.1927
-260.483;126.382;27.1401
-260.456;124.574;27.0942
-260.403;122.768;27.1363
-260.326;120.96;27.1488
-260.228;119.148;27.2605
-260.114;117.334;27.2837
-259.988;115.515;27.3612
-259.853;113.692;27.4991
-259.711;111.864;27.5297
-259.565;110.029;27.619
-259.409;108.19;27.7049
-259.233;106.348;27.8216
-259.025;104.506;27.8247
-258.775;102.666;27.8455
-258.483;100.829;27.8925
-258.153;98.9941;27.916
-257.782;97.1686;27.8683
-257.372;95.3561;27.8127
-256.926;93.5535;27.8426
-256.445;91.7524;27.9633
-255.935;89.9514;28.0886
-255.397;88.1512;28.2662
-254.828;86.3544;28.2921
-254.233;84.5584;28.4757
-253.618;82.761;28.5139
-252.982;80.9636;28.6219
-252.318;79.1696;28.7117
-251.62;77.3836;28.8368
-250.891;75.6043;28.8547
-250.135;73.8296;28.9727
-249.343;72.0655;29.0014
-248.511;70.3157;29.0546
-247.651;68.5796;29.0281
-246.757;66.8655;28.9598
-245.826;65.175;28.9356
-244.863;63.4973;29.0516
-243.865;61.8361;29.098
-242.83;60.194;29.1027
-241.765;58.5659;29.1702
-240.667;56.9564;29.2779
-239.539;55.3621;29.2918
-238.385;53.7804;29.3647
-237.202;52.2165;29.4216
-235.993;50.6662;29.496
-234.762;49.1261;29.5751
-233.508;47.5995;29.6922
-232.228;46.0889;29.7682
-230.929;44.588;29.7854
-229.605;43.1037;29.8999
-228.259;41.6326;29.9708
-226.891;40.1762;29.981
-226.197;39.4558;30.0613
-225.497;38.7389;30.0966
-224.793;38.0249;30.1292
-224.082;37.3152;30.1085
-223.366;36.6107;30.1372
-222.644;35.9091;30.1743
-221.918;35.2108;30.2456
-221.186;34.5167;30.3021
-220.45;33.8254;30.2841
-219.71;33.1371;30.3231
-218.964;32.4524;30.409
-218.213;31.7722;30.3911
-217.459;31.094;30.431
-216.7;30.4179;30.5239
-215.938;29.745;30.5071
-215.17;29.0762;30.5399
-214.397;28.4123;30.5682
-213.618;27.7543;30.5908
-212.832;27.1032;30.6396
-212.04;26.4604;30.6118
-211.24;25.8265;30.645
-210.432;25.2022;30.6032
-209.616;24.5886;30.5854
-208.792;23.9866;30.5573
-207.96;23.397;30.5185
-207.119;22.8208;30.4987
-206.27;22.2586;30.4095
-205.413;21.7101;30.3997
-204.549;21.1747;30.2628
-203.677;20.652;30.2628
-202.798;20.1429;30.2819
-201.912;19.6477;30.2026
-201.019;19.1667;30.1839
-200.119;18.7007;30.2114
-199.213;18.25;30.15
-198.3;17.8149;30.1312
-197.381;17.3938;30.1274
-196.456;16.986;30.135
-195.526;16.5921;30.1902
-194.59;16.2125;30.1498
-193.649;15.8473;30.1532
-192.704;15.4967;30.152
-191.753;15.161;30.1447
-190.798;14.8403;30.1301
-189.839;14.5334;30.1256
-188.876;14.2389;30.132
-187.908;13.9553;30.1511
-186.937;13.6831;30.1741
-185.962;13.4221;30.261
-184.983;13.172;30.2327
-184.001;12.9324;30.2675
-183.015;12.7026;30.3614
-182.027;12.483;30.3401
-181.035;12.2739;30.371
-180.041;12.0721;30.4128
-179.044;11.8774;30.4553
-178.044;11.6905;30.4943
-177.042;11.512;30.5794
-176.037;11.3422;30.5591
-175.03;11.1786;30.5985
-174.021;11.0199;30.6406
-173.009;10.8663;30.7428
-171.995;10.7179;30.7254
-170.98;10.5755;30.7646
-169.962;10.44;30.7998
-168.942;10.3084;30.8426
-167.92;10.1807;30.9436
-166.896;10.057;30.9271
-165.871;9.93684;30.9695
-164.844;9.82;31.0119
-163.815;9.70621;31.1123
-162.784;9.59508;31.0967
-161.752;9.48621;31.1965
-160.718;9.37937;31.2384
-159.682;9.27418;31.2231
-158.645;9.17043;31.2649
-157.607;9.06785;31.3064
-156.567;8.96617;31.4043
-155.526;8.86527;31.3889
-154.483;8.765;31.486
-153.438;8.6652;31.4706
-152.393;8.56574;31.5111
-151.346;8.46805;31.6021
-150.297;8.37336;31.6269
-149.247;8.27875;31.6269
-148.196;8.18477;31.6667
-147.143;8.0918;31.7063
-146.089;7.99992;31.7457
-145.033;7.90918;31.785
-143.976;7.81949;31.8242
-142.918;7.73086;31.8634
-141.858;7.64313;31.9025
-140.797;7.55621;31.9962
-139.734;7.47004;31.9804
-138.67;7.38445;32.0193
-137.605;7.29941;32.058
-136.539;7.21484;32.1511
-135.471;7.13062;32.1897
-134.402;7.04668;32.2282
-133.331;6.96301;32.2123
-132.259;6.87945;32.3049
-131.186;6.79609;32.289
-130.112;6.71281;32.3272
-129.036;6.62953;32.3654
-127.96;6.54637;32.4035
-126.881;6.46316;32.4956
-125.802;6.37992;32.4796
-124.721;6.29668;32.5714
-123.639;6.21344;32.5553
-122.556;6.13008;32.647
-121.472;6.04668;32.6309
-120.386;5.9632;32.7224
-119.299;5.87965;32.7063
-118.211;5.79598;32.7976
-117.121;5.71227;32.8351
-116.03;5.62848;32.8726
-114.938;5.54457;32.8938
-113.845;5.46059;32.8938
-112.751;5.37648;32.9312
-111.655;5.29234;32.9685
-110.558;5.20809;33.0058
-109.46;5.12375;33.0803
-108.36;5.03934;33.0803
-107.26;4.9548;33.1174
-106.158;4.8702;33.1546
-105.055;4.78551;33.2451
-103.95;4.70074;33.2287
-102.845;4.61586;33.2657
-101.738;4.5309;33.3026
-100.63;4.44586;33.393
-99.5205;4.36074;33.4133
-98.41;4.27555;33.4133
-97.2983;4.19023;33.4501
-96.1853;4.10484;33.5392
-95.0711;4.02086;33.5761
-93.9556;3.93672;33.5594
-92.8389;3.8527;33.5961
-91.721;3.76887;33.6693
-90.6018;3.68535;33.6693
-89.4813;3.60215;33.7058
-88.3597;3.51934;33.7423
-87.2367;3.43684;33.8321
-86.1126;3.35465;33.8153
-84.9872;3.27273;33.8517
-83.8605;3.1925;33.8868
-82.7325;3.11531;33.9658
-81.6032;3.04254;33.9483
-80.4726;2.97176;34.018
-79.3407;2.9025;34.0713
-78.2075;2.83562;34.0524
-77.0729;2.77148;34.0869
-75.9371;2.71023;34.1215
-74.7999;2.65191;34.1564
-73.6614;2.59645;34.1914
-72.5216;2.54363;34.2268
-71.3806;2.49328;34.2623
-70.2383;2.44523;34.298
-69.0947;2.39926;34.3338
-67.9498;2.35512;34.3697
-66.8037;2.31266;34.4056
-65.6564;2.27164;34.4416
-64.5078;2.23184;34.4776
-63.358;2.19316;34.5669
-62.207;2.15535;34.5856
-61.0547;2.11836;34.5856
-59.9013;2.08203;34.6215
-58.7466;2.04625;34.7106
-57.5907;2.01086;34.7464
-56.4336;1.97594;34.729
-55.2753;1.94125;34.8166
-54.1158;1.90828;34.7992
-52.9552;1.87836;34.8312
-51.7935;1.85277;34.9128
-50.6305;1.82922;34.9474
-49.4664;1.80723;34.928
-48.3011;1.78762;34.9617
-47.1345;1.77074;35.0483
-45.9669;1.75691;35.0292
-44.798;1.74602;35.0632
-43.628;1.73805;35.0975
-42.4568;1.73289;35.132
-41.2845;1.73031;35.1667
-40.1111;1.73008;35.2545
-38.9365;1.73207;35.2895
-37.7607;1.73602;35.3067
-36.5838;1.74176;35.3067
-35.4057;1.74754;35.3928
-34.2265;1.75184;35.3757
-33.0461;1.75727;35.4112
-31.8646;1.76301;35.4465
-30.6819;1.76859;35.4817
-29.498;1.77359;35.5167
-28.313;1.77797;35.5516
-27.1267;1.78148;35.6214
-25.9394;1.78414;35.6214
-24.7508;1.7859;35.6562
-23.5611;1.78688;35.691
-22.3703;1.78703;35.7258
-21.1782;1.78648;35.7606
-19.9851;1.78523;35.7953
-18.7907;1.7834;35.83
-17.5953;1.78094;35.8647
-16.3986;1.77805;35.934
-15.2008;1.77469;35.9867
-14.0019;1.77094;35.9685
-12.8018;1.76691;36.0031
-11.6006;1.76258;36.0376
-10.3982;1.75797;36.072
-9.19466;1.7532;36.1064
-7.98999;1.74824;36.1408
-6.78417;1.74312;36.1752
-5.57721;1.73789;36.2095
-4.3691;1.73258;36.2437
-3.15986;1.72723;36.278
-1.94948;1.7218;36.3647
