1.05543;7.8125e-05;2.44545
2.16407;7.8125e-05;3.57515
3.20568;0.000195312;4.31611
4.23927;0.00046875;4.44974
5.36663;0.000742187;5.20606
6.47158;0.00101562;5.74306
7.52883;0.00132813;6.66127
8.68705;0.00171875;7.13469
9.69121;0.00203125;7.6065
10.7593;0.00246094;8.07107
11.8889;0.00292969;8.53993
13.0771;0.00347656;8.98455
14.3225;0.00414062;9.66483
15.6234;0.00476563;9.84044
16.6382;0.00535156;10.2558
17.6759;0.0059375;10.4535
18.7497;0.0065625;10.8595
19.8462;0.00726563;11.0382
20.9774;0.00796875;11.4293
22.131;0.00875;11.6094
23.3183;0.00957031;11.9853
24.5278;0.0103906;12.1681
25.7698;0.0113281;12.5297
27.0341;0.0123047;12.8933
28.33;0.0133594;13.0644
29.6482;0.0144141;13.2557
30.9855;0.0155078;13.4058
32.3143;0.0166797;13.2595
33.6674;0.0178516;13.635
35.0453;0.0190234;13.8589
36.455;0.0203125;14.1995
37.8887;0.0216016;14.4144
39.3518;0.0230078;14.7268
40.8377;0.0244141;14.9356
41.8432;0.0254297;15.2315
42.8596;0.0264844;15.2677
43.8868;0.0275391;15.5503
44.9245;0.0286328;15.59
45.9728;0.0297266;15.7479
47.0313;0.0308594;15.904
48.1001;0.0320312;16.0583
49.179;0.0332031;16.3061
50.268;0.0344531;16.3623
51.3668;0.0357031;16.5122
52.4756;0.0369922;16.6609
53.5941;0.0383203;16.9005
54.7223;0.0396484;16.955
55.8602;0.0410156;17.1883
57.0077;0.0424219;17.2451
58.1648;0.0438281;17.3888
59.3313;0.0453125;17.5318
60.5073;0.0468359;17.7558
61.6927;0.0483594;17.8154
62.8875;0.0499219;18.0362
64.0917;0.0514844;18.1757
65.3051;0.053125;18.3148
66.5278;0.0547656;18.375
67.7597;0.0564453;18.5916
69.0009;0.0581641;18.7294
70.2512;0.0599219;18.7892
71.5106;0.0617187;19.0037
72.7792;0.0635156;19.0631
74.0569;0.0653906;19.1995
75.3437;0.0672656;19.4124
76.6395;0.0692187;19.471
77.9443;0.0711719;19.683
79.2581;0.0732031;19.7412
80.5809;0.0752344;19.9522
81.9126;0.0773047;20.0863
83.2533;0.0794141;20.2201
84.6029;0.0815625;20.2774
85.9584;0.08375;20.3332
87.3125;0.0859375;20.3124
88.6654;0.088125;20.2927
90.0266;0.0903906;20.5393
91.3981;0.0926562;20.6898
92.7793;0.0949609;20.8341
94.17;0.0973047;20.8943
95.5699;0.0996484;21.1065
96.9785;0.10207;21.1618
98.3956;0.104531;21.2889
99.8211;0.107031;21.4124
101.255;0.10957;21.5327
102.696;0.112187;21.6502
104.145;0.114805;21.7653
105.602;0.117461;21.8783
107.066;0.120156;21.9895
108.537;0.122891;22.1534
110.016;0.125625;22.2714
111.502;0.128438;22.3144
112.995;0.13125;22.4204
114.494;0.134141;22.5884
116.001;0.137031;22.6299
117.515;0.14;22.7958
119.036;0.142969;22.8366
120.563;0.146016;22.9391
122.098;0.149062;23.0411
123.639;0.152187;23.2042
125.187;0.155312;23.3052
126.741;0.158516;23.3447
128.303;0.161719;23.4452
129.871;0.165039;23.5953
131.445;0.16832;23.6452
133.027;0.17168;23.8057
134.615;0.175039;23.8442
136.209;0.178477;24.004
137.81;0.181914;24.0422
139.418;0.18543;24.1409
141.032;0.188945;24.2393
142.653;0.192539;24.3375
144.281;0.196133;24.4356
145.915;0.199805;24.5334
147.555;0.203477;24.631
149.202;0.207227;24.7888
150.855;0.210977;24.8257
152.515;0.214805;24.983
154.182;0.218672;25.0197
155.854;0.222617;25.1163
157.534;0.226563;25.273
159.219;0.230547;25.3693
160.911;0.23457;25.4654
162.61;0.238633;25.5013
164.315;0.242773;25.5971
166.026;0.246914;25.6927
167.743;0.251133;25.8481
169.467;0.255391;25.9433
171.198;0.259687;25.9785
172.934;0.264023;26.1332
174.677;0.268398;26.1682
176.427;0.272852;26.2628
178.182;0.277305;26.3572
179.944;0.281836;26.4514
181.712;0.286406;26.5454
183.486;0.291055;26.6862
185.267;0.295703;26.733
187.054;0.300391;26.8266
188.847;0.305156;26.9794
190.646;0.309961;27.0132
192.452;0.314805;27.1062
194.263;0.319687;27.2584
196.081;0.324609;27.2917
197.905;0.329609;27.3843
199.736;0.334648;27.4766
201.572;0.339727;27.5688
203.414;0.344883;27.6608
205.263;0.350039;27.7526
207.118;0.355273;27.8443
208.979;0.360547;27.9949
210.846;0.365898;28.0271
212.719;0.371289;28.1774
214.598;0.376719;28.2683
216.483;0.382187;28.3591
218.374;0.387734;28.3908
220.271;0.39332;28.4813
222.175;0.398945;28.6305
224.084;0.404648;28.6618
225.999;0.410391;28.7967
227.92;0.416172;28.8416
229.848;0.422031;28.99
231.781;0.42793;29.0208
233.72;0.433867;29.1688
235.665;0.439883;29.1993
237.616;0.445937;29.2883
239.573;0.45207;29.3771
241.536;0.458242;29.5243
243.505;0.464453;29.6128
245.479;0.470703;29.6867
247.46;0.477031;29.7308
249.446;0.483398;29.8628
251.439;0.489805;29.9067
253.437;0.496289;29.9943
254.438;0.499531;30.0965
255.441;0.502813;30.1255
256.445;0.506094;30.1255
257.451;0.509414;30.2275
258.458;0.512734;30.2128
259.466;0.516055;30.3147
260.476;0.519414;30.3582
261.488;0.522773;30.4017
262.5;0.526133;30.3869
263.515;0.529531;30.4885
264.531;0.53293;30.4737
265.548;0.536328;30.517
266.566;0.539766;30.5603
267.587;0.543203;30.6617
268.608;0.54668;30.6467
269.631;0.550156;30.6899
270.656;0.553633;30.733
271.681;0.557148;30.7761
272.709;0.560664;30.8208
273.736;0.56418;30.8208
274.762;0.567695;30.8023
275.788;0.57125;30.7854
276.814;0.574805;30.7707
277.839;0.578359;30.7539
278.865;0.581914;30.7892
279.893;0.585469;30.8263
280.922;0.589063;30.8641
281.952;0.592656;30.9019
282.983;0.59625;30.9399
284.016;0.599844;30.9779
285.05;0.603477;31.0159
286.085;0.607109;31.1072
287.121;0.610742;31.1453
288.159;0.614414;31.1302
289.198;0.618086;31.1684
290.238;0.621758;31.2066
291.28;0.625469;31.2982
292.323;0.62918;31.283
293.367;0.632891;31.3212
294.412;0.636602;31.4129
295.458;0.640352;31.3977
296.506;0.644102;31.4359
297.555;0.647891;31.5123
298.606;0.65168;31.5123
299.658;0.655469;31.6041
300.71;0.659297;31.5887
301.765;0.663125;31.6268
302.82;0.666953;31.665
303.877;0.67082;31.7031
304.935;0.674688;31.7413
305.994;0.678555;31.7794
307.055;0.6825;31.8711
308.117;0.686406;31.9092
309.18;0.690313;31.8936
310.244;0.694258;31.9316
311.31;0.698203;32.0233
312.377;0.702148;32.0076
313.445;0.706133;32.0992
314.514;0.710117;32.1371
315.585;0.714141;32.1213
316.657;0.718164;32.1592
317.73;0.722187;32.197
318.805;0.72625;32.2348
319.88;0.730312;32.2726
320.957;0.734375;32.364
322.036;0.738477;32.4017
323.115;0.742578;32.3857
324.196;0.74668;32.477
325.278;0.75082;32.5146
326.361;0.754961;32.5522
327.446;0.759141;32.5362
328.532;0.76332;32.6273
329.619;0.7675;32.6487
330.707;0.771719;32.6487
331.796;0.775937;32.6861
332.887;0.780156;32.7235
333.979;0.784414;32.7609
335.072;0.788672;32.7983
336.167;0.79293;32.8891
337.263;0.797227;32.8729
338.36;0.801562;32.9101
339.458;0.805898;33.0008
340.557;0.810234;33.038
341.658;0.81457;33.0217
342.76;0.818945;33.0588
343.863;0.82332;33.0958
344.968;0.827695;33.1329
346.073;0.832109;33.1699
347.18;0.836523;33.2069
348.288;0.840977;33.2972
349.398;0.84543;33.3341
350.508;0.849883;33.3176
351.62;0.854375;33.3545
352.733;0.858867;33.4447
353.847;0.863398;33.4281
354.963;0.86793;33.4649
356.079;0.872461;33.5549
357.197;0.877031;33.5383
358.316;0.881602;33.6282
359.437;0.886172;33.6115
360.558;0.890781;33.6481
361.681;0.895391;33.7212
362.805;0.900039;33.7744
363.93;0.904687;33.8109
365.057;0.909336;33.7941
366.185;0.914023;33.8305
367.313;0.918711;33.9201
368.444;0.923437;33.9033
369.575;0.928164;33.9928
370.707;0.932891;33.9759
371.841;0.937695;34.0653
372.976;0.942461;34.0483
374.112;0.947227;34.1377
375.249;0.952031;34.1738
376.388;0.956836;34.1568
377.528;0.96168;34.1929
378.669;0.966523;34.282
379.811;0.971367;34.2649
380.954;0.97625;34.354
382.099;0.981133;34.3369
383.244;0.986055;34.3728
384.391;0.990977;34.4618
385.539;0.995898;34.4976
386.689;1.00086;34.4804
387.839;1.00582;34.5692
388.991;1.01082;34.6049
390.144;1.01582;34.6406
391.298;1.02082;34.6233
392.453;1.02586;34.659
393.61;1.0309;34.6946
394.767;1.03598;34.7831
395.926;1.04105;34.7658
397.086;1.04613;34.8541
398.247;1.05125;34.8897
399.41;1.05637;34.8723
400.573;1.06301;34.9561
401.737;1.07238;34.9388
402.902;1.08598;34.9676
404.069;1.10543;34.9914
405.235;1.13215;35.04
406.401;1.16836;35.0125
407.568;1.21508;35.0501
408.734;1.27137;35.0535
409.9;1.33742;35.044
411.066;1.41523;35.0221
412.231;1.50613;34.958
413.393;1.61223;34.9171
414.553;1.73301;34.7973
415.71;1.86969;34.8234
416.864;2.0227;34.7478
418.014;2.19117;34.6637
419.159;2.37711;34.5703
420.3;2.57973;34.4402
421.435;2.79922;34.3656
422.564;3.03605;34.2263
423.689;3.28906;34.1268
424.808;3.55789;34.0434
425.921;3.8434;33.9695
427.028;4.14551;33.9021
428.128;4.46297;33.8478
429.221;4.79805;33.807
430.309;5.14863;33.7685
431.388;5.51543;33.7464
432.46;5.89863;33.7277
433.524;6.29766;33.7095
434.581;6.71246;33.6922
435.629;7.14352;33.6726
436.668;7.58973;33.6488
437.699;8.05188;33.6497
438.721;8.52891;33.6201
439.734;9.02117;33.5984
440.739;9.52766;33.5364
441.735;10.0486;33.4741
442.722;10.5849;33.5062
443.699;11.1357;33.395
444.666;11.7009;33.395
445.623;12.2789;33.3537
446.57;12.873;33.3074
447.509;13.4797;33.317
448.436;14.1002;33.2268
449.355;14.7337;33.286
450.264;15.3798;33.2224
451.165;16.0384;33.2847
452.056;16.7093;33.2364
452.938;17.3902;33.2515
453.811;18.0859;33.2792
454.677;18.7909;33.3028
455.532;19.507;33.34
456.38;20.2333;33.3797
457.22;20.9689;33.422
458.054;21.7134;33.5235
458.882;22.4652;33.5663
459.703;23.2292;33.5745
460.518;23.9999;33.6234
461.324;24.7784;33.6439
462.122;25.5661;33.6163
462.911;26.3623;33.6238
463.693;27.167;33.6385
464.469;27.9792;33.7229
465.239;28.7983;33.6866
466.004;29.6262;33.7759
466.763;30.4614;33.7431
467.513;31.3029;33.7744
468.257;32.1515;33.8088
468.995;33.0066;33.8443
469.727;33.868;33.9377
470.453;34.7359;33.9154
471.172;35.6104;33.9449
471.884;36.4918;33.9687
472.588;37.3828;33.9853
473.284;38.2792;33.9918
473.97;39.1815;34.0085
474.652;40.0901;34.0305
475.327;41.0039;34.0552
475.996;41.9236;34.1355
476.658;42.8496;34.1039
477.311;43.7822;34.1222
477.955;44.7216;34.1345
478.59;45.668;34.1394
479.213;46.6246;34.1322
479.824;47.5872;34.1466
480.421;48.5557;34.0903
481.006;49.5315;34.058
481.578;50.5138;34.049
482.135;51.503;33.966
482.679;52.4989;33.9056
483.206;53.5043;33.8257
483.716;54.5174;33.7286
484.208;55.5347;33.6606
484.68;56.5575;33.5612
485.137;57.5848;33.4525
485.577;58.6165;33.3411
486;59.6539;33.2137
486.401;60.6987;33.0355
486.784;61.746;32.9125
487.143;62.7953;32.7459
487.485;63.8468;32.6342
487.808;64.9004;32.4677
488.113;65.9572;32.3187
488.398;67.0155;32.1653
488.66;68.0755;32.0379
488.902;69.1365;31.8509
489.123;70.1971;31.754
489.324;71.2572;31.5964
489.507;72.3184;31.4955
489.67;73.3796;31.398
489.814;74.44;31.3629
489.937;75.4996;31.2992
490.041;76.5585;31.1937
490.126;77.6159;31.2112
490.192;78.6722;31.1852
490.239;79.7274;31.1171
490.268;80.7807;31.1168
490.279;81.8327;31.1282
490.273;82.8835;31.1463
490.25;83.9327;31.1745
490.212;84.9809;31.2101
490.158;86.0278;31.2496
490.09;87.0739;31.2955
490.009;88.1196;31.4099
489.916;89.1647;31.3945
489.812;90.2096;31.5009
489.699;91.2549;31.5704
489.577;92.3004;31.5542
489.449;93.3466;31.662
489.315;94.3938;31.7324
489.177;95.4419;31.7671
489.036;96.4911;31.8372
488.891;97.5418;31.8877
488.745;98.5937;31.8689
488.597;99.6471;31.9864
488.448;100.702;31.9677
488.298;101.758;32.0818
488.148;102.816;32.0632
487.999;103.876;32.1082
487.853;104.937;32.1503
487.71;106;32.2396
487.573;107.065;32.2658
487.444;108.132;32.2425
487.323;109.2;32.2552
487.213;110.27;32.2999
487.113;111.341;32.256
487.024;112.414;32.2514
486.945;113.488;32.2493
486.876;114.563;32.3089
486.817;115.64;32.3085
486.771;116.717;32.2573
486.738;117.795;32.298
486.718;118.872;32.2472
486.713;119.95;32.2344
486.723;121.027;32.2126
486.747;122.103;32.2145
486.788;123.177;32.15
486.843;124.25;32.1101
486.914;125.321;32.0658
487.001;126.39;32.017
487.104;127.457;31.9733
487.221;128.521;31.9919
487.352;129.584;31.9161
487.499;130.644;31.8966
487.661;131.702;31.8714
487.842;132.756;31.879
488.04;133.806;31.8058
488.254;134.851;31.7872
488.482;135.892;31.7848
488.724;136.931;31.8448
488.98;137.965;31.814
489.247;138.996;31.8773
489.532;140.024;31.8413
489.828;141.048;31.8664
490.138;142.07;31.8994
490.462;143.09;31.9281
490.796;144.105;31.9704
491.143;145.114;31.9704
491.502;146.12;32.0392
491.871;147.122;32.071
492.248;148.123;32.0424
492.633;149.121;32.0777
493.027;150.118;32.1535
493.428;151.112;32.1535
493.839;152.108;32.1942
494.257;153.1;32.2274
494.682;154.088;32.2576
495.116;155.073;32.3304
495.559;156.054;32.3028
496.012;157.032;32.3672
496.472;158.007;32.3933
496.94;158.979;32.4197
497.414;159.95;32.3867
497.896;160.918;32.4389
498.389;161.885;32.4389
498.889;162.847;32.5039
499.398;163.801;32.5271
499.916;164.754;32.4929
500.439;165.704;32.577
500.97;166.651;32.5988
501.506;167.594;32.6312
502.051;168.537;32.6605
502.601;169.476;32.6688
503.159;170.414;32.6985
503.72;171.35;32.7572
504.287;172.282;32.7874
504.858;173.213;32.7616
505.436;174.14;32.8357
506.019;175.065;32.808
506.61;175.985;32.8235
507.209;176.901;32.8471
507.814;177.813;32.8471
508.427;178.723;32.8669
509.045;179.631;32.887
509.669;180.534;32.9062
510.3;181.432;32.9848
510.936;182.328;33.0074
511.579;183.219;32.976
512.228;184.108;33.0018
512.882;184.994;33.0285
513.542;185.876;33.1125
514.206;186.757;33.0848
514.876;187.636;33.1132
515.549;188.512;33.1412
516.225;189.385;33.2269
516.905;190.258;33.1996
517.588;191.13;33.2286
518.273;192.001;33.314
518.96;192.871;33.2869
519.65;193.741;33.3159
520.341;194.611;33.3452
521.035;195.479;33.3717
521.733;196.346;33.3958
522.434;197.211;33.4719
523.139;198.074;33.4431
523.845;198.937;33.4698
524.554;199.799;33.5516
525.266;200.659;33.5228
525.98;201.519;33.5495
526.698;202.377;33.5762
527.419;203.233;33.6217
528.144;204.086;33.6217
528.875;204.936;33.6811
529.612;205.781;33.653
530.355;206.62;33.653
531.106;207.452;33.6463
531.864;208.278;33.6438
532.629;209.099;33.6999
533.4;209.915;33.649
534.178;210.725;33.6619
534.962;211.528;33.6619
535.755;212.325;33.666
536.555;213.113;33.6674
537.364;213.892;33.664
538.18;214.665;33.7226
539.002;215.431;33.6814
539.832;216.19;33.6977
540.668;216.943;33.7677
541.51;217.688;33.7352
542.359;218.428;33.8136
543.214;219.163;33.8387
544.073;219.892;33.8121
544.939;220.616;33.8426
545.809;221.336;33.8726
546.683;222.051;33.9609
547.561;222.763;33.9381
548.444;223.473;34.0265
549.329;224.179;34.0046
550.218;224.884;34.0745
551.109;225.587;34.0745
552.002;226.289;34.1094
552.899;226.99;34.1461
553.797;227.69;34.1809
554.696;228.389;34.2162
555.598;229.089;34.2535
556.502;229.787;34.2873
557.408;230.483;34.319
558.319;231.176;34.3492
559.234;231.866;34.4132
560.153;232.549;34.3913
561.077;233.228;34.4158
562.005;233.904;34.4408
562.936;234.576;34.4682
563.872;235.244;34.4957
564.813;235.907;34.522
565.758;236.563;34.5951
566.711;237.213;34.5691
567.667;237.856;34.5844
568.63;238.49;34.5948
569.601;239.114;34.5954
570.576;239.731;34.655
571.556;240.34;34.6194
572.544;240.941;34.6283
573.536;241.533;34.631
574.535;242.113;34.662
575.541;242.682;34.6138
576.552;243.239;34.593
577.57;243.783;34.5933
578.595;244.315;34.525
579.625;244.832;34.4837
580.662;245.334;34.4299
581.705;245.824;34.4245
582.753;246.298;34.3401
583.808;246.761;34.3589
584.868;247.209;34.2833
585.933;247.643;34.268
587.004;248.062;34.2573
588.08;248.467;34.2533
589.161;248.857;34.2595
590.247;249.233;34.2706
591.337;249.596;34.3431
592.432;249.944;34.3166
593.532;250.279;34.3418
594.635;250.601;34.4068
595.742;250.907;34.3836
596.854;251.2;34.3958
597.968;251.479;34.4336
599.085;251.743;34.4007
600.207;251.992;34.3925
601.33;252.228;34.3931
602.457;252.451;34.4265
603.588;252.665;34.4265
604.721;252.866;34.4514
605.857;253.054;34.5157
606.996;253.232;34.5157
608.138;253.398;34.553
609.282;253.553;34.5954
610.429;253.697;34.6963
611.578;253.832;34.7446
612.729;253.957;34.7365
613.883;254.074;34.7877
615.039;254.183;34.84
616.197;254.284;34.8942
617.358;254.38;35.0068
618.52;254.47;35.0033
619.685;254.555;35.0592
620.852;254.636;35.1722
622.02;254.713;35.1692
623.19;254.787;35.2256
624.363;254.859;35.2803
625.537;254.929;35.335
626.714;254.998;35.3903
627.892;255.069;35.4995
629.071;255.139;35.4967
630.253;255.208;35.5504
631.437;255.278;35.6587
632.621;255.349;35.7123
633.808;255.421;35.7094
634.996;255.494;35.8161
636.186;255.569;35.8132
637.378;255.644;35.9197
638.571;255.721;35.917
639.766;255.798;36.023
640.963;255.877;36.0205
642.161;255.957;36.0719
643.361;256.037;36.1228
644.562;256.119;36.2275
645.765;256.201;36.2252
646.97;256.284;36.2764
648.176;256.368;36.3276
649.384;256.452;36.3782
650.594;256.537;36.482
651.806;256.622;36.5304
653.019;256.708;36.5304
654.233;256.793;36.633
655.449;256.88;36.6309
656.667;256.967;36.6804
657.886;257.059;36.7798
659.107;257.15;36.7777
660.329;257.243;36.8277
661.553;257.337;36.93
662.779;257.432;36.9277
664.006;257.528;36.9762
665.234;257.626;37.0267
666.464;257.726;37.0767
667.695;257.827;37.1266
668.929;257.93;37.2269
670.163;258.034;37.2269
671.399;258.139;37.277
672.638;258.246;37.3273
673.877;258.353;37.3761
675.117;258.46;37.4782
676.36;258.569;37.4769
677.604;258.678;37.5771
678.849;258.79;37.5759
680.096;258.905;37.622
681.344;259.025;37.7049
682.593;259.152;37.7012
683.842;259.286;37.7291
685.09;259.427;37.7614
686.34;259.573;37.7957
687.59;259.725;37.8305
688.841;259.885;37.8642
690.093;260.053;37.8991
691.344;260.229;37.9353
692.596;260.415;37.9738
693.848;260.607;38.0612
695.099;260.807;38.0543
696.35;261.014;38.1491
697.602;261.228;38.1444
698.854;261.449;38.191
700.107;261.678;38.2389
701.36;261.912;38.2876
702.614;262.153;38.3375
703.868;262.399;38.3827
705.12;262.651;38.4244
706.373;262.911;38.4625
707.625;263.179;38.494
708.878;263.456;38.5854
710.131;263.737;38.6252
711.383;264.027;38.6155
712.636;264.326;38.6495
713.887;264.633;38.6749
715.134;264.95;38.7284
716.38;265.278;38.7315
717.623;265.619;38.6986
718.862;265.974;38.6818
720.097;266.344;38.653
721.327;266.73;38.6353
722.552;267.132;38.5488
723.771;267.548;38.4767
724.98;267.977;38.4086
726.185;268.424;38.3155
727.382;268.887;38.2057
728.57;269.368;38.0966
729.75;269.866;38.0399
730.921;270.38;37.8968
732.086;270.909;37.8486
733.24;271.452;37.7401
734.383;272.012;37.6898
735.518;272.588;37.6244
736.641;273.181;37.5626
737.753;273.791;37.5004
738.852;274.419;37.4631
739.938;275.06;37.3735
741.014;275.719;37.3002
742.078;276.392;37.2274
743.126;277.08;37.16
744.163;277.783;37.095
745.185;278.503;36.9906
746.193;279.238;36.9306
747.186;279.987;36.8195
748.165;280.747;36.7352
749.127;281.531;36.6055
750.077;282.325;36.4771
751.003;283.136;36.3836
751.914;283.962;36.3014
752.809;284.8;36.175
753.688;285.651;36.0725
754.55;286.513;36.0014
755.396;287.384;35.8881
756.222;288.278;35.7411
757.034;289.183;35.6257
757.817;290.098;35.5352
758.582;291.026;35.3895
759.329;291.964;35.2896
760.058;292.913;35.1879
760.768;293.871;35.0898
761.46;294.834;35.0178
762.129;295.815;34.8603
762.778;296.811;34.5697
763.402;297.81;34.6011
763.997;298.82;34.4698
764.575;299.837;34.4003
765.133;300.862;34.275
765.671;301.893;34.2116
766.19;302.928;34.1214
766.689;303.971;33.8574
767.162;305.03;33.8881
767.619;306.089;33.7295
768.041;307.15;33.637
768.445;308.219;33.531
768.827;309.29;33.4398
769.19;310.365;33.3792
769.531;311.444;33.2887
769.853;312.525;33.1724
770.154;313.608;33.0897
770.425;314.701;32.9567
770.679;315.795;32.7547
770.902;316.883;32.7547
771.105;317.976;32.6608
771.286;319.067;32.5785
771.447;320.16;32.5297
771.587;321.252;32.4162
771.707;322.343;32.34
771.807;323.433;32.2656
771.877;324.527;32.1515
771.93;325.618;32.0443
771.956;326.701;31.8858
771.962;327.783;31.8858
771.948;328.861;31.808
771.913;329.937;31.7311
771.858;331.009;31.6576
771.783;332.078;31.6275
771.69;333.142;31.4904
771.578;334.202;31.4904
771.445;335.261;31.4726
771.295;336.317;31.4525
771.126;337.367;31.4525
770.937;338.411;31.4748
770.731;339.452;31.5014
770.509;340.49;31.5375
770.27;341.523;31.5826
770.016;342.553;31.634
769.747;343.58;31.6912
769.465;344.604;31.8114
769.171;345.625;31.8735
768.862;346.644;31.8657
768.543;347.661;31.9116
768.21;348.673;32.0061
767.864;349.682;31.9907
767.508;350.687;32.0191
767.139;351.689;32.0459
766.759;352.688;32.126
766.367;353.683;32.0972
765.963;354.678;32.2041
765.548;355.67;32.1742
765.123;356.658;32.2165
764.688;357.642;32.3286
764.243;358.624;32.3106
763.789;359.603;32.362
763.324;360.579;32.4104
762.849;361.551;32.4544
762.364;362.52;32.4926
761.866;363.484;32.5236
761.354;364.443;32.5838
760.833;365.396;32.5558
760.3;366.341;32.6055
759.757;367.281;32.5696
759.201;368.214;32.6019
758.633;369.14;32.5858
758.051;370.058;32.5247
757.452;370.966;32.5183
756.838;371.864;32.431
756.208;372.749;32.3663
755.564;373.621;32.3002
754.907;374.48;32.228
754.237;375.327;32.1778
753.553;376.162;32.0589
752.856;376.983;31.9925
752.148;377.79;31.8929
751.419;378.58;31.768
750.68;379.355;31.6186
749.928;380.112;31.4961
749.163;380.85;31.4154
748.388;381.573;31.2671
747.601;382.279;31.1505
746.803;382.969;31.062
745.995;383.64;30.9168
745.172;384.291;30.7768
744.337;384.922;30.6218
743.495;385.534;30.5182
742.646;386.121;30.3926
741.787;386.693;30.2848
740.921;387.247;30.207
740.047;387.782;30.0723
739.166;388.298;29.9724
738.277;388.796;29.8766
737.382;389.273;29.786
736.477;389.726;29.6716
735.567;390.16;29.5613
734.653;390.574;29.4906
732.809;391.334;29.3316
730.948;392.018;29.158
729.072;392.622;29.0697
727.184;393.149;28.9479
725.278;393.6;28.8924
723.365;393.98;28.908
721.442;394.295;28.9649
719.511;394.548;29.0547
717.573;394.748;29.1764
715.62;394.905;29.3148
713.659;395.029;29.4337
711.692;395.129;29.6241
709.717;395.213;29.7579
707.735;395.294;29.8675
705.743;395.383;29.915
704.742;395.429;30.0345
703.741;395.478;30.0873
702.741;395.531;30.0727
701.738;395.587;30.1224
700.734;395.649;30.1658
699.73;395.718;30.237
698.725;395.794;30.237
697.72;395.88;30.2614
696.715;395.971;30.288
695.707;396.069;30.3266
694.697;396.177;30.3707
693.688;396.294;30.3707
692.685;396.424;30.3848
691.68;396.566;30.3863
690.679;396.723;30.4113
689.68;396.893;30.3604
688.684;397.079;30.3366
687.691;397.28;30.3041
686.702;397.494;30.2659
685.717;397.725;30.2167
684.735;397.978;30.1521
683.758;398.242;30.0855
682.792;398.524;30.1087
681.828;398.82;30.0117
680.871;399.133;30.0252
679.92;399.461;29.9408
678.976;399.807;29.9403
678.04;400.169;29.8602
677.113;400.547;29.8144
676.194;400.94;29.7619
675.282;401.359;29.688
673.496;402.239;29.5925
671.756;403.183;29.4576
670.06;404.19;29.2848
668.411;405.259;29.1356
666.813;406.393;28.9542
665.276;407.591;28.7704
663.808;408.847;28.5427
662.398;410.154;28.4657
661.049;411.511;28.3152
659.762;412.92;28.1967
658.536;414.382;28.1774
657.383;415.882;28.1063
656.288;417.42;28.1398
655.254;418.994;28.0652
654.283;420.603;28.0872
653.375;422.246;28.0118
652.532;423.921;27.9585
651.757;425.62;27.9065
651.045;427.344;27.9121
650.389;429.091;27.8504
649.789;430.86;27.9421
649.246;432.647;27.9372
648.763;434.452;27.9477
648.342;436.271;28.0016
647.976;438.104;27.9842
647.656;439.949;28.0568
647.384;441.807;28.1258
647.155;443.675;28.285
646.963;445.553;28.3232
646.803;447.44;28.4277
646.673;449.336;28.5296
646.563;451.24;28.6398
646.47;453.152;28.8113
646.389;455.072;28.8589
646.317;456.999;28.9666
646.251;458.933;29.0725
646.191;460.875;29.1761
646.146;462.824;29.3159
646.125;464.777;29.343
646.139;466.735;29.4534
646.183;468.698;29.4699
646.258;470.666;29.6003
646.366;472.638;29.6287
646.507;474.612;29.7745
646.674;476.591;29.8172
646.865;478.574;29.9186
647.075;480.562;30.0228
647.186;481.557;30.0749
647.3;482.555;30.1278
647.416;483.554;30.1802
647.531;484.554;30.2808
647.643;485.556;30.2783
647.755;486.56;30.3308
647.867;487.566;30.382
647.978;488.573;30.4329
648.087;489.583;30.4836
648.195;490.595;30.5343
648.301;491.608;30.5845
648.406;492.624;30.6355
648.509;493.641;30.6845
648.61;494.659;30.7344
648.71;495.679;30.7856
648.809;496.701;30.8368
648.906;497.726;30.8877
649.001;498.752;30.9931
649.096;499.78;30.99
649.19;500.809;31.0407
649.283;501.841;31.0917
649.375;502.875;31.1412
649.464;503.911;31.1853
649.549;504.947;31.2276
649.628;505.984;31.265
649.7;507.024;31.3291
649.762;508.066;31.3607
649.815;509.109;31.3429
649.86;510.154;31.4029
649.899;511.2;31.4029
649.929;512.248;31.4342
649.951;513.301;31.4672
649.966;514.352;31.4957
649.97;515.403;31.5749
649.966;516.454;31.5591
649.951;517.506;31.5831
649.924;518.56;31.6331
649.884;519.613;31.6082
649.831;520.666;31.6075
649.763;521.718;31.6014
649.681;522.77;31.5864
649.581;523.823;31.5862
649.469;524.872;31.5218
649.34;525.915;31.4873
649.198;526.957;31.4406
649.04;527.995;31.3813
648.865;529.031;31.3057
648.672;530.061;31.2247
648.46;531.087;31.1344
648.23;532.106;31.0379
647.981;533.119;30.9261
647.709;534.127;30.815
647.421;535.125;30.6917
647.114;536.109;30.5618
646.79;537.088;30.4716
646.452;538.061;30.4483
646.097;539.027;30.3148
645.724;539.984;30.2515
645.335;540.932;30.1983
644.928;541.87;30.1512
644.504;542.798;30.1053
644.058;543.716;30.044
643.598;544.623;29.9865
643.12;545.513;29.9499
642.627;546.394;29.9312
642.119;547.263;29.8561
641.596;548.121;29.8381
641.057;548.966;29.7613
640.504;549.8;29.7144
639.356;551.432;29.6201
638.144;553.014;29.5115
636.882;554.544;29.4899
635.573;556.032;29.5032
634.219;557.475;29.5279
632.818;558.876;29.5206
631.378;560.233;29.5511
629.899;561.554;29.6029
628.386;562.83;29.6529
626.838;564.065;29.6758
625.254;565.254;29.6716
623.628;566.397;29.637
621.975;567.486;29.6321
620.295;568.538;29.7224
618.588;569.551;29.7011
616.856;570.526;29.7585
615.094;571.465;29.886
613.319;572.37;29.9616
611.527;573.252;30.0406
610.626;573.686;30.0176
609.722;574.117;30.1203
608.814;574.545;30.0975
607.901;574.971;30.138
606.987;575.395;30.1724
606.074;575.816;30.2107
605.159;576.236;30.3076
604.24;576.654;30.2826
603.32;577.069;30.3141
602.396;577.48;30.3644
601.47;577.886;30.3644
600.539;578.284;30.4342
599.604;578.678;30.4025
598.665;579.067;30.4262
597.725;579.45;30.4487
596.784;579.828;30.5321
595.838;580.201;30.5558
594.89;580.568;30.524
593.938;580.93;30.5507
592.984;581.287;30.5781
592.026;581.64;30.6642
591.065;581.988;30.6361
590.101;582.332;30.7209
589.136;582.671;30.7503
588.171;583.007;30.7222
587.202;583.341;30.7525
586.232;583.673;30.7816
585.26;584.001;30.8327
584.285;584.325;30.8327
583.308;584.644;30.8527
582.328;584.956;30.9218
581.345;585.264;30.9465
580.361;585.569;30.913
579.376;585.869;30.9948
578.388;586.166;31.0183
577.397;586.458;30.9868
576.405;586.746;31.0681
575.411;587.031;31.0644
574.415;587.311;31.1202
573.417;587.588;31.1475
572.416;587.862;31.1184
571.414;588.133;31.1439
570.412;588.401;31.1714
569.407;588.667;31.1987
568.401;588.931;31.2745
567.393;589.19;31.2448
566.384;589.444;31.2625
565.372;589.691;31.2751
564.358;589.931;31.2809
563.342;590.16;31.3219
562.323;590.381;31.2769
561.302;590.593;31.2809
560.279;590.799;31.3437
559.255;590.998;31.3506
558.228;591.188;31.3048
557.2;591.369;31.3162
556.169;591.542;31.3846
555.137;591.706;31.3465
554.103;591.862;31.4203
553.067;592.01;31.3855
552.03;592.151;31.4624
550.991;592.286;31.4299
549.951;592.415;31.5101
548.91;592.538;31.4789
547.867;592.656;31.501
546.823;592.767;31.5192
545.779;592.87;31.533
544.733;592.966;31.5415
543.685;593.055;31.5587
542.636;593.14;31.5802
541.586;593.22;31.6009
540.535;593.294;31.6229
539.484;593.364;31.6451
538.431;593.428;31.6684
537.377;593.487;31.6921
536.322;593.542;31.7726
535.266;593.593;31.7665
534.209;593.639;31.7665
533.151;593.683;31.7914
532.092;593.724;31.8167
531.032;593.762;31.8422
529.972;593.798;31.9239
528.911;593.832;31.9161
527.848;593.864;31.9679
526.785;593.891;31.985
525.722;593.913;32.0093
524.657;593.932;32.033
523.591;593.949;32.0001
522.525;593.964;32.0233
521.458;593.976;32.1023
520.39;593.984;32.0699
519.321;593.99;32.0935
518.252;593.993;32.1171
517.182;593.994;32.1965
516.111;593.992;32.1649
515.039;593.987;32.1867
513.966;593.977;32.2051
512.894;593.961;32.2411
511.82;593.942;32.2971
510.746;593.921;32.3188
509.671;593.897;32.2851
508.596;593.869;32.3072
507.52;593.838;32.3295
506.443;593.804;32.4073
505.366;593.766;32.3749
504.287;593.726;32.3979
503.209;593.683;32.4211
502.129;593.638;32.4444
501.049;593.59;32.4678
499.969;593.541;32.4913
498.887;593.491;32.57
497.805;593.438;32.5382
496.722;593.385;32.5617
495.639;593.331;32.5851
494.554;593.275;32.6636
493.469;593.219;32.6318
492.384;593.163;32.6551
491.297;593.106;32.6783
490.21;593.047;32.7515
489.122;592.985;32.7195
488.034;592.922;32.7429
486.945;592.859;32.8207
485.855;592.795;32.8434
484.765;592.729;32.8113
483.673;592.662;32.834
482.582;592.594;32.8568
481.489;592.525;32.9343
480.396;592.454;32.957
479.302;592.383;32.925
478.207;592.31;32.9478
477.112;592.237;32.9703
476.016;592.163;32.9933
474.919;592.088;33.016
473.822;592.013;33.0386
472.724;591.937;33.1161
471.625;591.861;33.1387
470.525;591.785;33.1067
469.425;591.708;33.184
468.324;591.631;33.1521
467.222;591.553;33.2244
466.12;591.471;33.1926
465.018;591.385;33.2079
463.916;591.294;33.2712
462.813;591.198;33.291
461.71;591.1;33.3088
460.607;590.998;33.3265
459.503;590.892;33.2901
458.399;590.781;33.3085
457.296;590.666;33.3271
456.191;590.546;33.348
455.087;590.42;33.3646
453.984;590.288;33.378
452.88;590.149;33.3871
451.778;590.001;33.3899
450.678;589.845;33.4325
449.578;589.679;33.3867
448.478;589.507;33.4466
447.38;589.329;33.4562
446.282;589.142;33.4116
445.185;588.948;33.4213
444.089;588.746;33.4884
442.994;588.537;33.4495
441.9;588.32;33.4662
440.807;588.095;33.4799
439.717;587.861;33.5351
438.628;587.618;33.5364
437.541;587.365;33.4946
436.457;587.101;33.4863
435.375;586.829;33.5392
434.294;586.548;33.4984
433.216;586.26;33.5511
432.139;585.962;33.5045
431.065;585.655;33.5046
429.995;585.337;33.5407
428.928;585.006;33.4889
427.866;584.664;33.4996
426.809;584.309;33.4386
425.757;583.941;33.4009
424.711;583.561;33.3577
423.67;583.167;33.3661
422.633;582.763;33.2823
421.603;582.346;33.259
420.576;581.918;33.292
419.556;581.477;33.2765
418.541;581.025;33.2114
417.532;580.561;33.2571
416.53;580.084;33.2017
415.533;579.596;33.1933
414.545;579.094;33.2214
413.562;578.578;33.1593
412.588;578.05;33.177
411.623;577.51;33.1702
410.664;576.959;33.11
409.71;576.398;33.1119
408.762;575.827;33.1712
407.822;575.246;33.1723
406.888;574.653;33.1241
405.962;574.048;33.1608
405.043;573.426;33.1361
404.134;572.798;33.0768
403.239;572.158;33.0496
402.349;571.507;33.0132
401.471;570.845;33.0161
400.6;570.172;32.9058
399.739;569.49;32.9058
398.884;568.797;32.9431
398.039;568.088;32.863
397.203;567.372;32.8327
396.384;566.647;32.8137
395.573;565.911;32.8185
394.772;565.166;32.7437
393.983;564.411;32.729
393.207;563.645;32.646
392.442;562.868;32.5913
391.69;562.08;32.5388
390.951;561.278;32.4925
390.223;560.471;32.4792
389.515;559.656;32.3958
388.816;558.83;32.369
388.13;557.996;32.2716
387.457;557.154;32.2016
386.8;556.302;32.1281
386.157;555.442;32.1175
385.528;554.568;32.0013
384.913;553.689;31.9412
384.318;552.805;31.8474
383.739;551.912;31.8785
383.171;551.011;31.7865
382.619;550.104;31.759
382.082;549.19;31.6963
381.56;548.27;31.5413
381.054;547.342;31.5413
380.566;546.403;31.4919
380.09;545.463;31.4839
379.633;544.521;31.4096
379.191;543.57;31.3075
378.761;542.615;31.3075
378.348;541.655;31.2523
377.951;540.69;31.1941
377.57;539.721;31.1677
377.208;538.746;31.0645
376.866;537.765;30.9851
376.538;536.784;30.9076
376.231;535.801;30.8797
375.939;534.814;30.7676
375.66;533.823;30.7471
375.398;532.83;30.6983
375.151;531.834;30.5955
374.919;530.836;30.5635
374.704;529.834;30.5391
374.505;528.83;30.5211
374.322;527.826;30.5113
374.155;526.821;30.5754
374.001;525.813;30.5217
373.857;524.803;30.5303
373.727;523.792;30.5417
373.61;522.78;30.5496
373.507;521.767;30.6028
373.418;520.753;30.5505
373.343;519.738;30.5808
373.282;518.724;30.5647
373.234;517.711;30.5592
373.198;516.697;30.4978
373.172;515.681;30.4952
373.155;514.664;30.5031
373.148;513.648;30.5806
373.153;512.631;30.5939
373.167;511.612;30.6089
373.192;510.595;30.6284
373.226;509.578;30.5854
373.268;508.56;30.6087
373.318;507.542;30.6993
373.375;506.523;30.6618
373.438;505.503;30.7524
373.506;504.484;30.7162
373.581;503.464;30.7424
373.663;502.443;30.7628
373.752;501.424;30.8284
373.85;500.405;30.7891
373.955;499.386;30.7935
374.069;498.368;30.8058
374.188;497.349;30.8239
374.313;496.329;30.8421
374.445;495.311;30.9227
374.583;494.292;30.8821
374.729;493.273;30.8982
374.884;492.257;30.9104
375.048;491.241;30.9643
375.221;490.226;30.9754
375.403;489.213;30.9933
375.591;488.2;30.9504
375.786;487.186;30.9679
375.987;486.175;30.9871
376.196;485.164;31.0679
376.411;484.152;31.0318
376.632;483.143;31.0547
376.859;482.133;31.0814
377.091;481.123;31.1065
377.328;480.115;31.1325
377.569;479.106;31.2189
377.814;478.097;31.1882
378.062;477.088;31.2751
378.314;476.079;31.3004
378.569;475.069;31.2703
378.828;474.061;31.3434
379.094;473.053;31.3129
379.366;472.046;31.3268
379.645;471.042;31.3345
379.935;470.039;31.3338
380.232;469.038;31.3373
380.536;468.04;31.3443
380.848;467.042;31.3577
381.167;466.046;31.368
381.493;465.053;31.3807
381.829;464.061;31.4527
382.172;463.071;31.4146
382.524;462.085;31.4295
382.886;461.101;31.4429
383.258;460.12;31.4492
383.639;459.145;31.4509
384.029;458.171;31.464
384.426;457.199;31.5375
384.83;456.23;31.5025
385.243;455.264;31.5834
385.662;454.298;31.5519
386.087;453.336;31.5778
386.522;452.377;31.604
386.963;451.419;31.624
387.413;450.466;31.6398
387.872;449.517;31.6518
388.338;448.569;31.7276
388.81;447.625;31.6964
389.288;446.682;31.7824
389.772;445.74;31.8084
390.262;444.802;31.7825
390.758;443.865;31.8159
391.262;442.929;31.8444
391.77;441.999;31.8682
392.288;441.071;31.8909
392.814;440.146;31.9061
393.346;439.226;31.9154
393.89;438.312;31.9163
394.444;437.403;31.9109
395.005;436.501;31.9015
395.579;435.605;31.9262
396.163;434.716;31.8659
396.755;433.833;31.8519
397.357;432.955;31.8523
397.969;432.083;31.8501
398.595;431.216;31.8511
399.23;430.358;31.8528
399.875;429.51;31.8669
400.531;428.669;31.8853
401.195;427.835;31.907
401.869;427.007;31.988
402.551;426.186;31.9614
403.241;425.371;31.9929
403.938;424.561;32.0268
404.644;423.756;32.0558
405.363;422.953;32.0784
406.086;422.158;32.0905
406.811;421.372;32.1847
407.542;420.587;32.1565
408.277;419.806;32.1868
409.017;419.028;32.2197
409.761;418.253;32.3109
410.51;417.479;32.344
411.262;416.708;32.3191
412.019;415.938;32.3509
412.783;415.166;32.3813
413.546;414.398;32.4628
414.308;413.637;32.4874
415.077;412.876;32.4575
415.849;412.119;32.4754
416.624;411.363;32.56
417.401;410.608;32.5286
418.181;409.855;32.5552
418.964;409.103;32.6064
419.753;408.351;32.6619
420.545;407.6;32.6284
421.337;406.856;32.6472
422.132;406.116;32.6657
422.933;405.379;32.6783
423.738;404.648;32.6847
424.548;403.92;32.756
425.36;403.194;32.7161
426.177;402.472;32.7892
426.997;401.753;32.7508
427.825;401.035;32.7685
428.655;400.323;32.7805
429.487;399.617;32.847
430.324;398.916;32.8064
431.166;398.222;32.8109
432.012;397.53;32.8239
432.861;396.842;32.8952
433.713;396.158;32.9104
434.569;395.477;32.8705
435.43;394.799;32.8869
436.295;394.124;32.958
437.164;393.452;32.9169
438.032;392.786;32.9315
438.902;392.121;32.9496
439.775;391.458;33.0211
440.65;390.797;32.9974
441.527;390.138;33.0536
442.406;389.48;33.0137
443.286;388.824;33.0302
444.17;388.167;33.1013
445.054;387.51;33.0599
445.935;386.852;33.0711
446.817;386.196;33.1423
447.699;385.539;33.1556
448.581;384.882;33.1129
449.463;384.223;33.1262
450.345;383.564;33.1952
451.227;382.904;33.2078
452.109;382.243;33.221
452.992;381.578;33.1779
453.875;380.914;33.1863
454.754;380.252;33.1986
455.635;379.587;33.2103
456.515;378.922;33.2763
457.395;378.257;33.2867
458.275;377.591;33.2418
459.155;376.924;33.2525
460.035;376.256;33.3182
460.918;375.587;33.273
461.798;374.916;33.2789
462.674;374.245;33.283
463.548;373.57;33.2859
464.419;372.89;33.3222
465.285;372.206;33.2705
466.145;371.514;33.2844
466.998;370.815;33.2545
467.843;370.108;33.1805
468.678;369.39;33.1264
469.505;368.66;33.1121
470.323;367.925;33.0066
471.127;367.182;33.018
471.926;366.43;32.9583
472.714;365.671;32.8584
473.491;364.901;32.8335
474.254;364.122;32.7297
475.005;363.333;32.6814
475.742;362.534;32.6083
476.463;361.72;32.4823
477.171;360.9;32.4064
477.862;360.074;32.4206
478.543;359.239;32.327
479.216;358.397;32.2817
479.875;357.548;32.2834
480.521;356.691;32.197
481.153;355.826;32.1492
481.771;354.953;32.0958
482.373;354.069;32.0516
482.955;353.176;31.9416
483.523;352.28;31.8092
484.073;351.38;31.8092
484.611;350.471;31.7378
485.138;349.556;31.6552
485.649;348.635;31.5735
486.146;347.708;31.4841
486.627;346.778;31.3971
487.091;345.841;31.3756
487.538;344.891;31.2377
487.969;343.944;31.1711
488.38;342.995;31.1376
488.782;342.038;31.0752
489.171;341.078;31.0062
489.547;340.114;30.9325
489.906;339.145;30.851
490.248;338.174;30.7674
490.57;337.199;30.7162
490.873;336.221;30.629
491.157;335.241;30.4197
491.425;334.258;30.4517
491.675;333.278;30.3391
491.906;332.291;30.2433
492.124;331.303;30.1457
492.319;330.315;30.0605
492.499;329.326;29.9667
492.663;328.338;29.8847
492.938;326.359;29.6963
493.145;324.383;29.5554
493.283;322.411;29.3789
493.354;320.447;29.1821
493.355;318.49;28.9406
493.286;316.547;28.903
493.145;314.616;28.7473
492.936;312.705;28.5775
492.656;310.811;28.4091
492.311;308.945;28.2203
491.899;307.104;27.9835
491.423;305.296;27.7786
490.882;303.52;27.5515
490.277;301.781;27.17
489.61;300.084;27.0317
488.882;298.43;26.7522
488.093;296.82;26.5116
487.249;295.252;26.3367
486.35;293.727;26.2114
485.397;292.246;26.1298
484.394;290.806;26.0904
483.344;289.408;26.1286
482.25;288.046;26.1106
481.118;286.715;26.2062
479.953;285.412;26.2114
478.758;284.134;26.2553
477.537;282.875;26.3254
476.299;281.627;26.4611
475.043;280.389;26.4811
473.768;279.166;26.5469
472.467;277.963;26.5946
471.141;276.785;26.6893
469.791;275.626;26.6938
468.419;274.49;26.7466
467.02;273.376;26.8183
465.601;272.282;26.9572
464.16;271.207;27.044
462.703;270.147;27.1376
461.229;269.096;27.1715
459.744;268.052;27.3253
458.246;267.017;27.3574
456.731;265.997;27.4338
455.191;265.004;27.4843
453.627;264.047;27.5482
452.039;263.13;27.5521
450.427;262.253;27.5594
448.789;261.42;27.5252
447.119;260.65;27.3813
445.426;259.948;27.3392
443.715;259.31;27.241
441.988;258.732;27.1797
440.241;258.214;27.1474
438.475;257.776;27.0425
436.698;257.414;26.9317
434.915;257.119;26.9303
433.126;256.881;27.0064
431.329;256.698;26.9674
429.528;256.575;26.9244
427.724;256.508;26.9476
425.924;256.487;27.0346
424.121;256.506;27.1099
422.313;256.568;27.2434
420.496;256.668;27.2845
418.667;256.801;27.3858
416.845;256.968;27.4803
415.024;257.167;27.5542
413.202;257.401;27.6235
411.374;257.668;27.7774
409.535;257.971;27.86
407.708;258.313;27.8811
405.887;258.694;27.9302
404.074;259.117;27.9586
402.271;259.588;27.9664
400.476;260.128;27.9259
398.707;260.727;27.8973
396.955;261.374;27.8972
395.222;262.073;27.9197
393.508;262.82;28.0195
391.813;263.616;28.0695
390.137;264.473;28.0878
388.5;265.38;28.0548
386.892;266.34;28.0412
385.313;267.348;28.0504
383.757;268.396;28.0947
382.226;269.497;28.1345
380.735;270.645;28.1572
379.283;271.839;28.1875
377.872;273.081;28.1338
376.499;274.365;28.1368
375.159;275.688;28.1769
373.852;277.054;28.2275
372.59;278.458;28.3076
371.362;279.897;28.4087
370.162;281.365;28.4393
368.988;282.862;28.534
367.843;284.387;28.6586
366.73;285.939;28.6705
365.654;287.521;28.7704
364.606;289.129;28.7859
363.584;290.759;28.8679
362.589;292.413;28.9581
361.62;294.092;29.0545
360.675;295.788;29.1545
359.745;297.5;29.3169
358.825;299.225;29.4221
357.912;300.962;29.4698
357.004;302.711;29.6296
356.099;304.469;29.6743
355.196;306.231;29.8314
354.29;308.002;29.8767
353.381;309.779;30.0327
352.926;310.67;30.0272
352.47;311.563;30.1327
352.012;312.459;30.1781
351.556;313.356;30.1713
351.099;314.253;30.2193
350.643;315.15;30.3237
350.185;316.049;30.3178
349.725;316.951;30.4203
349.264;317.854;30.4145
348.802;318.758;30.4636
348.34;319.663;30.5121
347.876;320.57;30.5608
347.412;321.478;30.6632
346.947;322.39;30.6571
346.482;323.302;30.7024
346.018;324.213;30.7493
345.553;325.127;30.8523
345.085;326.043;30.8461
344.617;326.959;30.8932
344.147;327.877;30.9952
343.677;328.797;31.0429
343.206;329.717;31.0365
342.735;330.639;31.0843
342.264;331.563;31.1294
341.791;332.49;31.1784
341.318;333.418;31.2198
340.846;334.344;31.2689
340.371;335.275;31.3692
339.895;336.205;31.3622
339.418;337.136;31.4633
338.94;338.069;31.5102
338.462;339.004;31.5032
337.983;339.939;31.5494
337.505;340.875;31.6429
337.024;341.816;31.6429
336.543;342.758;31.7397
336.062;343.699;31.7316
335.579;344.642;31.7783
335.096;345.585;31.8235
334.611;346.53;31.9231
334.125;347.477;31.9688
333.639;348.424;32.0124
333.151;349.372;32.0525
332.663;350.319;32.0929
332.166;351.269;32.1269
331.666;352.218;32.1168
331.161;353.164;32.156
330.653;354.109;32.1984
330.141;355.054;32.2388
329.625;355.998;32.3328
329.104;356.941;32.3202
328.579;357.883;32.3616
328.05;358.824;32.403
327.518;359.764;32.4946
326.978;360.707;32.4846
326.433;361.648;32.5619
325.884;362.583;32.5468
325.325;363.514;32.6101
324.759;364.441;32.5904
324.182;365.362;32.5985
323.596;366.278;32.6
323;367.188;32.6043
322.397;368.093;32.6603
321.787;368.994;32.6739
321.163;369.894;32.636
320.534;370.789;32.6401
319.895;371.672;32.6565
319.245;372.549;32.6661
318.584;373.417;32.6702
317.913;374.279;32.6858
317.234;375.134;32.7075
316.546;375.984;32.7326
315.85;376.828;32.7607
315.145;377.665;32.833
314.426;378.499;32.8442
313.702;379.325;32.8151
312.971;380.138;32.8647
312.229;380.945;32.8592
311.478;381.741;32.8186
310.717;382.529;32.804
309.946;383.306;32.8151
309.165;384.072;32.7539
308.374;384.826;32.7163
307.572;385.569;32.6702
306.757;386.297;32.6079
305.933;387.014;32.5373
305.101;387.713;32.511
304.26;388.401;32.4092
303.408;389.076;32.2987
302.55;389.741;32.2987
301.683;390.392;32.2266
300.805;391.03;32.1965
299.921;391.655;32.1965
299.028;392.266;32.2364
298.125;392.863;32.1743
297.215;393.448;32.1716
296.298;394.018;32.1815
295.373;394.575;32.1997
294.439;395.12;32.2201
293.5;395.653;32.306
292.553;396.173;32.2858
291.6;396.683;32.3676
290.64;397.182;32.4258
289.675;397.671;32.4148
288.704;398.151;32.4597
287.727;398.621;32.5345
286.744;399.081;32.5345
285.756;399.531;32.5643
284.764;399.973;32.6036
283.767;400.41;32.714
282.765;400.841;32.7011
281.759;401.266;32.7506
280.75;401.684;32.797
279.735;402.095;32.8402
278.716;402.497;32.8775
277.694;402.892;32.9653
276.666;403.279;32.9496
275.635;403.661;32.9954
274.6;404.038;33.0408
273.562;404.409;33.0881
272.52;404.775;33.1356
271.474;405.135;33.184
270.425;405.489;33.2336
269.372;405.839;33.2838
268.317;406.184;33.3342
267.258;406.526;33.3854
266.197;406.864;33.4368
265.133;407.199;33.5397
264.066;407.532;33.5913
262.997;407.862;33.5913
261.926;408.19;33.6425
260.852;408.517;33.6939
259.776;408.843;33.7452
258.699;409.167;33.796
257.619;409.491;33.9024
256.537;409.815;33.8976
255.453;410.137;33.9977
254.367;410.455;33.9929
253.278;410.77;34.0801
252.186;411.079;34.074
251.091;411.381;34.1046
249.993;411.677;34.1409
248.892;411.968;34.179
247.788;412.254;34.2714
246.681;412.534;34.2561
245.571;412.807;34.3478
244.459;413.074;34.3356
243.343;413.334;34.4302
242.224;413.588;34.4736
241.103;413.835;34.4658
239.978;414.077;34.5119
238.851;414.313;34.5587
237.722;414.544;34.6065
236.59;414.771;34.6551
235.456;414.994;34.704
234.319;415.213;34.8071
233.18;415.429;34.8568
232.039;415.642;34.8531
230.896;415.852;34.9029
229.751;416.061;34.9534
228.604;416.268;35.0567
227.455;416.473;35.0532
226.304;416.677;35.1565
225.151;416.881;35.153
223.996;417.083;35.2029
222.84;417.285;35.3057
221.682;417.487;35.3516
220.522;417.688;35.3516
219.36;417.89;35.4013
218.197;418.091;35.4998
217.032;418.292;35.4998
215.866;418.493;35.549
214.698;418.694;35.6505
213.528;418.896;35.6995
212.356;419.097;35.7484
211.183;419.299;35.7449
210.009;419.501;35.7936
208.833;419.703;35.8427
207.655;419.906;35.8911
206.475;420.109;35.94
205.294;420.312;35.9885
204.112;420.515;36.0892
202.927;420.719;36.0857
201.741;420.923;36.1342
200.554;421.127;36.1821
199.365;421.331;36.2311
198.175;421.535;36.2792
196.983;421.74;36.3274
195.789;421.945;36.3758
194.594;422.151;36.4238
193.397;422.356;36.4721
192.198;422.562;36.5203
190.998;422.768;36.5684
189.797;422.975;36.6163
188.593;423.181;36.6648
187.389;423.388;36.7123
186.182;423.595;36.812
184.974;423.802;36.8084
183.765;424.01;36.8562
182.554;424.218;36.9042
181.341;424.426;36.9521
180.127;424.634;36.9994
178.911;424.842;37.0989
177.694;425.051;37.1429
176.475;425.26;37.1429
175.254;425.469;37.1907
174.032;425.678;37.2896
172.809;425.888;37.2859
171.583;426.098;37.3844
170.357;426.308;37.3806
169.128;426.518;37.4798
167.898;426.729;37.4761
166.667;426.94;37.5233
165.434;427.151;37.5709
164.199;427.362;37.6181
162.963;427.573;37.7169
161.725;427.785;37.7131
160.486;427.997;37.8114
159.246;428.209;37.8076
158.003;428.421;37.8548
156.759;428.634;37.953
155.514;428.847;38
154.267;429.06;37.9961
153.018;429.273;38.0945
151.768;429.487;38.1411
150.517;429.7;38.1371
149.263;429.914;38.1846
148.009;430.129;38.2823
146.752;430.343;38.2783
145.494;430.558;38.3762
144.235;430.773;38.4231
142.974;430.988;38.47
141.712;431.203;38.5156
140.448;431.417;38.5115
139.182;431.629;38.5551
137.913;431.836;38.5947
136.643;432.038;38.6286
135.371;432.232;38.6538
134.096;432.419;38.6822
132.82;432.601;38.7632
131.541;432.777;38.7916
130.26;432.946;38.7707
128.976;433.107;38.8009
127.691;433.26;38.8323
126.404;433.405;38.8657
125.114;433.542;38.901
123.823;433.67;38.9877
122.53;433.792;38.9772
121.235;433.905;39.0676
119.938;434.012;39.1101
118.639;434.112;39.1031
117.338;434.206;39.1474
116.036;434.295;39.1927
114.732;434.378;39.2387
113.426;434.456;39.3285
112.118;434.529;39.3285
110.809;434.595;39.4104
109.499;434.655;39.4528
108.186;434.709;39.4438
106.872;434.759;39.4874
105.557;434.805;39.5311
104.239;434.846;39.575
102.92;434.882;39.6708
101.6;434.914;39.7156
100.278;434.941;39.7096
98.9544;434.965;39.8068
97.6292;434.984;39.8529
96.3025;434.999;39.8994
94.9743;435.011;39.8946
93.6445;435.021;39.9413
92.3131;435.027;39.9882
90.9802;435.031;40.0352
89.6458;435.033;40.0821
88.3098;435.033;40.1805
86.9722;435.032;40.2274
85.6331;435.029;40.2228
84.2925;435.024;40.2696
82.9503;435.019;40.3163
81.6066;435.013;40.363
80.2613;435.006;40.4095
78.9146;434.997;40.4966
77.5665;434.984;40.4966
76.2172;434.967;40.5347
74.8663;434.947;40.6298
73.514;434.925;40.6222
72.1602;434.9;40.6654
70.805;434.872;40.7085
69.4485;434.84;40.802
68.0906;434.805;40.8453
66.7314;434.766;40.8889
65.3708;434.724;40.8826
64.0088;434.678;40.9268
62.6456;434.628;40.9713
61.2811;434.575;41.0129
59.9156;434.516;41.0508
58.5493;434.45;41.133
57.1818;434.38;41.1228
55.813;434.306;41.1634
54.4431;434.228;41.2038
53.0721;434.145;41.2445
51.6999;434.057;41.2856
50.3267;433.965;41.3273
48.9524;433.868;41.3695
47.5772;433.766;41.4122
46.201;433.659;41.4518
44.8243;433.544;41.487
43.4472;433.423;41.5167
42.0701;433.292;41.5388
40.6925;433.155;41.5667
39.3139;433.012;41.6496
37.9349;432.862;41.6317
36.5555;432.706;41.6646
35.1758;432.542;41.6986
33.7958;432.37;41.7339
32.4156;432.191;41.8169
31.0354;432.004;41.8038
29.6555;431.808;41.832
28.2752;431.605;41.9187
26.8949;431.396;41.9062
25.5142;431.18;41.9448
24.1335;430.957;41.9844
22.7525;430.728;42.025
21.3715;430.491;42.0622
19.9908;430.247;42.1353
18.6107;429.994;42.1389
17.2319;429.731;42.1389
15.8535;429.46;42.1635
14.4754;429.183;42.2246
13.0971;428.898;42.2743
11.7195;428.605;42.2555
10.3425;428.305;42.3384
8.96566;427.997;42.3225
7.58989;427.68;42.3577
6.21472;427.357;42.3949
4.84058;427.024;42.4283
3.46777;426.683;42.4568
2.09684;426.333;42.479
0.727839;425.972;42.4929
-0.639493;425.599;42.4938
-2.00212;425.214;42.482
-3.361;424.815;42.4582
-4.71531;424.403;42.4183
-6.06437;423.977;42.3668
-7.40735;423.538;42.2749
-8.74357;423.082;42.1563
-10.074;422.611;42.0159
-11.3935;422.124;41.873
-12.7049;421.623;41.7092
-14.0072;421.107;41.5664
-15.2998;420.577;41.4058
-16.5822;420.032;41.2463
-17.8545;419.472;41.0728
-19.1163;418.893;40.918
-20.3638;418.3;40.6546
-21.5982;417.69;40.6449
-22.8218;417.067;40.5303
-24.0336;416.431;40.414
-25.2331;415.781;40.3007
-26.423;415.112;40.1444
-27.5982;414.431;39.9806
-28.7526;413.734;39.8795
-29.8966;413.025;39.8037
-31.0272;412.304;39.7165
-32.146;411.572;39.6405
-33.253;410.829;39.4909
-34.3496;410.073;39.4909
-35.4348;409.297;39.4023
-36.5031;408.513;39.3494
-37.5542;407.714;39.3086
-38.595;406.905;39.2631
-39.6233;406.085;39.2171
-40.6393;405.253;39.1657
-41.6442;404.402;39.0784
-42.6343;403.539;38.9872
-43.6026;402.67;38.9107
-44.5604;401.788;38.8131
-45.5039;400.896;38.7211
-46.4337;399.992;38.6211
-47.3489;399.079;38.5037
-48.2496;398.143;38.3344
-49.1308;397.19;38.1506
-49.9841;396.239;37.9805
-50.8176;395.276;37.7939
-51.6372;394.306;37.5929
-52.4427;393.328;37.3636
-53.2298;392.334;37.0442
-53.9943;391.321;36.7221
-54.7287;390.31;36.4461
-55.4369;389.3;36.1595
-56.1282;388.287;36.1595
-56.8104;387.264;35.9483
-57.4743;386.237;35.5574
-58.1148;385.2;35.5484
-58.7307;384.148;35.3028
-59.3242;383.102;35.1586
-59.8887;382.057;35.0962
-60.4442;381.003;34.9901
-60.9825;379.946;34.8057
-61.502;378.884;34.8258
-62.0032;377.819;34.7291
-62.4836;376.748;34.6526
-62.9452;375.672;34.5733
-63.3885;374.594;34.5088
-63.8111;373.513;34.4714
-64.2185;372.428;34.4351
-64.6088;371.341;34.4098
-64.9834;370.251;34.3906
-65.3431;369.158;34.3787
-65.6882;368.062;34.4116
-66.02;366.963;34.4096
-66.3397;365.861;34.3685
-66.6491;364.758;34.383
-66.9512;363.653;34.4546
-67.2448;362.545;34.4233
-67.5308;361.436;34.4363
-67.8102;360.325;34.4505
-68.0854;359.213;34.4641
-68.3572;358.1;34.4772
-68.6265;356.986;34.4917
-68.8949;355.871;34.5048
-69.1622;354.756;34.5201
-69.4297;353.64;34.5885
-69.6971;352.523;34.5503
-69.9647;351.406;34.5674
-70.2339;350.289;34.5807
-70.5066;349.172;34.6408
-70.7827;348.055;34.6469
-71.0645;346.94;34.6487
-71.3533;345.825;34.5987
-71.6473;344.714;34.6333
-71.9517;343.604;34.5837
-72.2635;342.496;34.5595
-72.5851;341.393;34.5591
-72.9196;340.293;34.5122
-73.262;339.197;34.4279
-73.6205;338.107;34.361
-73.9903;337.021;34.2789
-74.3715;335.942;34.2048
-74.7683;334.869;34.135
-75.1749;333.799;34.0613
-75.5946;332.737;34.0053
-76.0288;331.681;33.9524
-76.4737;330.63;33.8936
-76.932;329.588;33.8561
-77.4051;328.552;33.8235
-77.8898;327.522;33.7869
-78.3864;326.502;33.7723
-78.8992;325.49;33.815
-79.4245;324.482;33.7519
-79.9628;323.486;33.7868
-80.5161;322.498;33.7379
-81.0828;321.519;33.7558
-81.6637;320.549;33.7011
-82.2586;319.59;33.7037
-82.867;318.641;33.6427
-83.4889;317.702;33.6412
-84.1239;316.774;33.6049
-84.772;315.856;33.4998
-85.4329;314.948;33.5512
-86.1059;314.05;33.4775
-86.7902;313.16;33.4695
-87.486;312.28;33.5269
-88.1931;311.408;33.4741
-88.9113;310.546;33.486
-89.6403;309.693;33.5039
-90.3801;308.85;33.5212
-91.1306;308.016;33.5357
-91.8922;307.192;33.5452
-92.6641;306.378;33.5485
-93.4464;305.576;33.5798
-94.239;304.784;33.533
-95.0417;304.003;33.5168
-95.8546;303.234;33.5412
-96.6771;302.474;33.4808
-97.5088;301.725;33.4742
-98.349;300.984;33.4789
-99.1982;300.253;33.4874
-100.056;299.532;33.5001
-100.923;298.82;33.5173
-101.797;298.118;33.5399
-102.68;297.425;33.5664
-103.57;296.741;33.5966
-104.468;296.065;33.63
-105.372;295.397;33.7259
-106.282;294.736;33.7042
-107.199;294.082;33.8043
-108.122;293.433;33.7846
-109.049;292.792;33.822
-109.982;292.156;33.8548
-110.921;291.528;33.9288
-111.866;290.907;33.9037
-112.817;290.295;33.9175
-113.773;289.69;33.9982
-114.734;289.09;33.9662
-115.7;288.495;34.055
-116.671;287.907;34.0837
-117.647;287.325;34.056
-118.628;286.749;34.1219
-119.613;286.179;34.1219
-120.603;285.615;34.2142
-121.597;285.056;34.1924
-122.595;284.502;34.2291
-123.597;283.952;34.2667
-124.603;283.406;34.3614
-125.612;282.864;34.3416
-126.623;282.326;34.3797
-127.637;281.789;34.4176
-128.654;281.255;34.5127
-129.674;280.723;34.4935
-130.695;280.192;34.5313
-131.718;279.662;34.5691
-132.744;279.133;34.6625
-133.771;278.605;34.6997
-134.8;278.078;34.68
-135.83;277.551;34.7165
-136.861;277.023;34.7526
-137.894;276.496;34.7887
-138.928;275.969;34.8246
-139.964;275.441;34.86
-141;274.913;34.8955
-142.038;274.385;34.9658
-143.076;273.857;35.0203
-144.116;273.328;35.0005
-145.157;272.798;35.0352
-146.199;272.268;35.0699
-147.242;271.737;35.1043
-148.285;271.206;35.1388
-149.33;270.675;35.173
-150.376;270.143;35.2613
-151.423;269.61;35.2416
-152.471;269.077;35.2755
-153.52;268.543;35.3098
-154.569;268.008;35.3438
-155.62;267.473;35.3776
-156.672;266.938;35.4119
-157.725;266.402;35.4457
-158.778;265.865;35.4795
-159.833;265.328;35.5137
-160.889;264.79;35.5474
-161.946;264.252;35.5814
-163.003;263.713;35.6153
-164.062;263.174;35.649
-165.122;262.634;35.6831
-166.182;262.094;35.7168
-167.244;261.553;35.7507
-168.307;261.012;35.8374
-169.371;260.47;35.8714
-170.435;259.927;35.9053
-171.501;259.384;35.9389
-172.568;258.841;35.9199
-173.636;258.297;35.9541
-174.704;257.752;35.9879
-175.774;257.207;36.0217
-176.845;256.661;36.0558
-177.917;256.115;36.0896
-178.989;255.569;36.1763
-180.063;255.021;36.1575
-181.138;254.474;36.1913
-182.214;253.926;36.2252
-183.29;253.377;36.2592
-184.368;252.827;36.293
-185.446;252.276;36.3258
-186.524;251.722;36.3563
-187.6;251.164;36.3831
-188.675;250.6;36.4044
-189.746;250.029;36.4176
-190.813;249.45;36.4607
-191.876;248.862;36.4219
-192.936;248.267;36.4252
-193.993;247.665;36.431
-195.046;247.055;36.4361
-196.094;246.436;36.4428
-197.137;245.808;36.452
-198.175;245.171;36.4639
-199.208;244.526;36.4791
-200.237;243.871;36.5481
-201.26;243.208;36.5184
-202.279;242.537;36.5422
-203.293;241.858;36.5683
-204.303;241.171;36.5965
-205.309;240.478;36.6265
-206.312;239.777;36.6579
-207.311;239.071;36.6906
-208.307;238.359;36.7672
-209.299;237.639;36.7449
-210.286;236.913;36.7647
-211.268;236.178;36.8143
-212.244;235.435;36.7833
-213.213;234.683;36.8089
-214.174;233.922;36.7637
-215.129;233.151;36.7515
-216.076;232.372;36.7959
-217.018;231.584;36.7373
-217.953;230.788;36.786
-218.88;229.982;36.7331
-219.799;229.168;36.7359
-220.711;228.344;36.7427
-221.614;227.511;36.7535
-222.51;226.669;36.7683
-223.398;225.819;36.7869
-224.279;224.961;36.8088
-225.152;224.095;36.8738
-226.017;223.22;36.8433
-226.873;222.337;36.8912
-227.72;221.445;36.8551
-228.558;220.544;36.8487
-229.387;219.635;36.85
-230.209;218.719;36.8594
-231.024;217.797;36.8739
-231.832;216.866;36.9449
-232.633;215.929;36.9102
-233.427;214.985;36.9324
-234.213;214.034;37.0117
-234.992;213.077;37.0391
-235.765;212.113;37.0687
-236.532;211.143;37.0452
-237.293;210.168;37.0779
-238.049;209.188;37.1119
-238.801;208.203;37.1467
-239.548;207.213;37.1823
-240.291;206.22;37.2185
-241.031;205.222;37.255
-241.768;204.22;37.2881
-242.5;203.214;37.3173
-243.226;202.204;37.3845
-243.946;201.188;37.3598
-244.659;200.166;37.4026
-245.363;199.138;37.3678
-246.058;198.103;37.389
-246.741;197.062;37.334
-247.413;196.013;37.2968
-248.073;194.957;37.2568
-248.722;193.895;37.2168
-249.361;192.826;37.2345
-249.987;191.75;37.1497
-250.601;190.667;37.1204
-251.202;189.578;37.0961
-251.789;188.482;37.0776
-252.364;187.38;37.1158
-252.925;186.271;37.0591
-253.473;185.157;37.0591
-254.009;184.036;37.065
-254.532;182.91;37.1283
-255.043;181.779;37.0926
-255.543;180.642;37.1134
-256.03;179.501;37.132
-256.506;178.354;37.1466
-256.969;177.202;37.1943
-257.419;176.046;37.1575
-257.857;174.885;37.1509
-258.281;173.72;37.1342
-258.693;172.551;37.124
-259.093;171.377;37.1212
-259.484;170.199;37.1281
-259.864;169.017;37.1376
-260.232;167.831;37.2058
-260.59;166.642;37.167
-260.937;165.449;37.1871
-261.274;164.252;37.2104
-261.6;163.052;37.2922
-261.917;161.849;37.2655
-262.225;160.643;37.2965
-262.524;159.433;37.3243
-262.812;158.221;37.3473
-263.091;157.006;37.3644
-263.358;155.788;37.3744
-263.614;154.568;37.3755
-263.86;153.345;37.3837
-264.097;152.12;37.3985
-264.326;150.892;37.4172
-264.546;149.662;37.4372
-264.756;148.429;37.5145
-264.958;147.194;37.4833
-265.15;145.957;37.5096
-265.334;144.718;37.5379
-265.51;143.477;37.568
-265.678;142.234;37.5996
-265.839;140.988;37.6881
-265.993;139.742;37.6665
-266.141;138.493;37.7013
-266.282;137.243;37.7326
-266.416;135.991;37.7595
-266.542;134.737;37.781
-266.658;133.483;37.7957
-266.765;132.227;37.8016
-266.86;130.97;37.8285
-266.942;129.712;37.7814
-267.013;128.454;37.7675
-267.074;127.194;37.7551
-267.124;125.934;37.7481
-267.162;124.672;37.7415
-267.188;123.411;37.7898
-267.202;122.148;37.737
-267.204;120.886;37.7925
-267.193;119.624;37.7482
-267.17;118.362;37.7541
-267.133;117.1;37.7561
-267.082;115.839;37.7523
-267.017;114.58;37.7737
-266.938;113.322;37.7209
-266.845;112.065;37.7083
-266.741;110.808;37.7593
-266.624;109.553;37.7626
-266.496;108.298;37.728
-266.356;107.045;37.728
-266.204;105.792;37.7971
-266.04;104.541;37.8166
-265.866;103.29;37.7853
-265.681;102.041;37.8335
-265.484;100.793;37.8809
-265.277;99.5468;37.8516
-265.057;98.3022;37.8637
-264.826;97.0598;37.8684
-264.583;95.82;37.8486
-264.326;94.5831;37.8486
-264.056;93.3495;37.8259
-263.772;92.1196;37.7938
-263.474;90.8938;37.7812
-263.16;89.6726;37.6964
-262.832;88.4567;37.6292
-262.487;87.2465;37.549
-262.127;86.0428;37.4559
-261.749;84.8461;37.3503
-261.356;83.6564;37.2893
-260.947;82.4736;37.1966
-260.522;81.2977;36.9739
-260.082;80.1293;37.0245
-259.626;78.9688;36.8993
-259.154;77.8167;36.7778
-258.666;76.6732;36.7778
-258.163;75.5385;36.7825
-257.644;74.4127;36.6965
-257.11;73.2959;36.671
-256.561;72.1881;36.6553
-255.997;71.0891;36.7011
-255.42;69.999;36.6511
-254.828;68.9174;36.7147
-254.223;67.8442;36.6782
-253.606;66.779;36.7014
-252.975;65.7215;36.7298
-252.333;64.6712;36.7627
-251.68;63.6276;36.8572
-251.017;62.5902;36.8972
-250.343;61.5584;36.8792
-249.661;60.5315;36.9826
-248.971;59.5089;36.9654
-248.273;58.4899;37.0096
-247.57;57.474;37.1161
-246.86;56.4605;37.0985
-246.146;55.4488;37.205
-245.427;54.4384;37.1868
-244.705;53.4289;37.2304
-243.98;52.42;37.2735
-243.251;51.412;37.3696
-242.518;50.4058;37.3501
-241.78;49.4019;37.3825
-241.036;48.4012;37.4092
-240.285;47.405;37.4651
-239.526;46.4145;37.4344
-238.758;45.4304;37.4668
-237.981;44.454;37.4148
-237.193;43.4849;37.3953
-236.397;42.5228;37.431
-235.592;41.5674;37.3576
-234.778;40.6198;37.3405
-233.954;39.6808;37.3259
-233.119;38.7508;37.3677
-232.275;37.8298;37.3089
-231.422;36.918;37.3077
-230.558;36.0154;37.3116
-229.685;35.1219;37.3204
-228.803;34.238;37.3278
-227.912;33.3642;37.3302
-227.01;32.5008;37.3302
-226.1;31.6481;37.355
-225.179;30.8068;37.3045
-224.25;29.9773;37.2434
-223.311;29.1597;37.2434
-222.362;28.3535;37.2152
-221.405;27.5576;37.1943
-220.44;26.7714;37.1847
-219.467;25.9954;37.2333
-218.485;25.2301;37.1781
-217.495;24.4763;37.2221
-216.496;23.7346;37.1708
-215.489;23.0053;37.1603
-214.474;22.289;37.1764
-213.45;21.5862;37.0806
-212.418;20.8973;37.1101
-211.378;20.2225;37.0383
-210.331;19.5621;37.0189
-209.276;18.9165;36.9622
-208.213;18.2861;36.8683
-207.143;17.6704;36.8081
-206.065;17.0688;36.7557
-204.981;16.4807;36.7703
-203.89;15.9068;36.6826
-202.793;15.3473;36.656
-201.689;14.8026;36.6369
-200.579;14.2724;36.6792
-199.462;13.7566;36.6214
-198.34;13.2551;36.6244
-197.212;12.7675;36.6341
-196.079;12.294;36.6434
-194.941;11.835;36.6501
-193.797;11.3904;36.6521
-192.649;10.9604;36.6478
-191.496;10.5453;36.6819
-190.339;10.1436;36.6881
-189.177;9.75367;36.6414
-188.011;9.37496;36.7164
-186.841;9.00758;36.6786
-185.667;8.65137;36.7614
-184.49;8.3059;36.7895
-183.308;7.97082;36.7619
-182.123;7.64543;36.7955
-180.935;7.33019;36.8774
-179.744;7.02543;36.8512
-178.549;6.73137;36.8707
-177.352;6.44852;36.883
-176.151;6.17754;36.9366
-174.948;5.91684;36.9553
-173.742;5.66496;36.9384
-172.533;5.42148;36.9384
-171.322;5.18699;36.9621
-170.108;4.9616;36.9878
-168.891;4.74523;37.0731
-167.673;4.53762;37.0453
-166.451;4.33844;37.077
-165.228;4.14832;37.1051
-164.003;3.96789;37.1752
-162.775;3.79762;37.1461
-161.546;3.63816;37.1562
-160.315;3.4877;37.1745
-159.082;3.34434;37.2004
-157.848;3.20871;37.2834
-156.611;3.08098;37.3109
-155.373;2.96117;37.34
-154.133;2.84902;37.3707
-152.892;2.74422;37.4027
-151.649;2.64633;37.3799
-150.404;2.55496;37.4702
-149.158;2.46957;37.4491
-147.911;2.38969;37.4847
-146.662;2.3148;37.5571
-145.412;2.24437;37.6132
-144.16;2.17801;37.5937
-142.907;2.1152;37.6303
-141.653;2.05547;37.7228
-140.397;1.99848;37.7035
-139.14;1.94379;37.7935
-137.882;1.8925;37.8296
-136.623;1.84285;37.8653
-135.362;1.79477;37.8457
-134.1;1.7482;37.8814
-132.837;1.70301;37.9715
-131.573;1.65906;37.952
-130.307;1.61621;38.0415
-129.041;1.57434;38.022
-127.773;1.53328;38.1108
-126.504;1.49293;38.1452
-125.234;1.45316;38.1257
-123.962;1.41391;38.2136
-122.69;1.37508;38.2476
-121.416;1.3366;38.2279
-120.141;1.2984;38.2618
-118.865;1.26039;38.329
-117.588;1.22258;38.3821
-116.31;1.18488;38.3624
-115.031;1.1473;38.3957
-113.75;1.1098;38.429
-112.469;1.0723;38.4621
-111.186;1.03488;38.5478
-109.902;0.997422;38.5806
-108.618;0.960039;38.5608
-107.332;0.922578;38.5936
-106.045;0.885156;38.6262
-104.757;0.847656;38.7112
-103.468;0.810156;38.7436
-102.177;0.772656;38.776
-100.886;0.735078;38.7561
-99.5936;0.6975;38.8406
-98.3001;0.659883;38.8206
-97.0056;0.622227;38.9049
-95.71;0.584531;38.937
-94.4133;0.546836;38.9169
-93.1156;0.509062;39.0009
-91.8168;0.471328;38.9808
-90.5169;0.433555;39.0127
-89.216;0.395742;39.0965
-87.914;0.357852;39.0763
-86.611;0.32;39.1081
-85.3069;0.282109;39.1398
-84.0017;0.245703;39.2186
-82.6956;0.212109;39.1983
-81.3885;0.182891;39.2521
-80.0803;0.155781;39.3043
-78.771;0.130313;39.3333
-77.4607;0.107422;39.3103
-76.1494;0.0876172;39.339
-74.837;0.0711328;39.4193
-73.5236;0.0580859;39.397
-72.2093;0.0484766;39.4265
-70.8939;0.0421875;39.4562
-69.5775;0.0390625;39.5377
-68.2601;0.0389844;39.5166
-66.9418;0.0416797;39.5471
-65.6225;0.0469531;39.5778
-64.3021;0.0546094;39.6603
-62.9808;0.0644141;39.6913
-61.6584;0.0761719;39.6707
-60.3351;0.0896484;39.7535
-59.0107;0.104687;39.7846
-57.6853;0.121094;39.8158
-56.3589;0.138672;39.7951
-55.0315;0.157305;39.8262
-53.703;0.176797;39.8573
-52.3736;0.19707;39.8884
-51.0431;0.218008;39.9711
-49.7116;0.239492;39.9504
-48.3791;0.261445;40.0329
-47.0456;0.28375;40.0638
-45.711;0.306367;40.043
-44.3754;0.329258;40.0738
-43.0388;0.352344;40.1045
-41.7012;0.375625;40.1352
-40.3625;0.399062;40.2174
-39.0229;0.422578;40.1965
-37.6822;0.446172;40.2786
-36.3405;0.469805;40.2576
-34.9978;0.493516;40.2881
-33.654;0.517305;40.3186
-32.3093;0.541055;40.3794
-30.9635;0.564883;40.4308
-29.6168;0.588672;40.44
-28.269;0.6125;40.44
-26.9202;0.636367;40.4703
-25.5704;0.660195;40.5005
-24.2196;0.684062;40.5307
-22.8678;0.70793;40.6122
-21.515;0.731797;40.6423
-20.1611;0.755703;40.6512
-18.8063;0.779648;40.7024
-17.4505;0.803594;40.7325
-16.0937;0.8275;40.7112
-14.7359;0.851484;40.7412
-13.3771;0.875469;40.7711
-12.0172;0.899492;40.8522
-10.6564;0.923516;40.8821
-9.29464;0.947578;40.8607
-7.93184;0.97168;40.9417
-6.56806;0.995781;40.9203
-5.20328;1.01992;41.0012
-3.83751;1.0441;41.0094
-2.47075;1.06828;41.0094
