1.08053;7.8125e-05;2.50846
2.09738;7.8125e-05;3.47292
3.13306;0.000195312;4.10318
4.2684;0.000507812;4.55366
5.4319;0.00078125;5.33975
6.58358;0.00105469;6.13362
7.66693;0.00136719;6.67617
8.86393;0.00175781;7.45422
9.89217;0.00199219;8.08356
10.985;0.00238281;8.54564
12.1382;0.00289063;8.72479
13.3499;0.00347656;9.16523
14.6183;0.00410156;9.59459
15.9417;0.00476563;10.012
16.973;0.0053125;10.4232
18.0272;0.00589844;10.8335
19.1172;0.00648437;11.0203
20.2298;0.00714844;11.4052
21.3769;0.00785156;11.5861
22.5464;0.00855469;11.9628
23.7492;0.009375;12.1463
24.9743;0.0101953;12.3243
26.2318;0.0110937;12.6894
27.5115;0.0120312;13.0446
28.8225;0.0130469;13.215
30.1502;0.0141016;13.3864
31.4841;0.0151562;13.3686
32.8193;0.0162109;13.6156
34.189;0.0173438;13.8025
35.5834;0.0185156;14.023
37.0088;0.0197656;14.3544
38.4577;0.0210547;14.5667
39.9355;0.0224219;14.9182
41.4358;0.0238281;15.0785
42.4506;0.0248047;15.2434
43.4761;0.0258203;15.4057
44.5123;0.026875;15.6753
45.5589;0.0279687;15.7238
46.6159;0.0290625;15.9821
47.6831;0.0301562;16.1407
48.7604;0.0313281;16.1871
49.8478;0.0325;16.4387
50.9451;0.0337109;16.4885
52.0523;0.0349609;16.6373
53.1692;0.0362109;16.8772
54.2959;0.0375;16.9315
55.4323;0.0388281;17.1651
56.5782;0.0401562;17.2218
57.7337;0.0415625;17.4502
58.8987;0.0429688;17.5086
60.0732;0.0444141;17.6508
61.2571;0.0458984;17.7923
62.4504;0.0474219;18.0133
63.653;0.0489844;18.0735
64.8649;0.0505469;18.2834
66.086;0.0521484;18.3522
67.3165;0.0537891;18.4908
68.5561;0.0554297;18.6289
69.8049;0.0571484;18.7665
71.0628;0.0588672;18.9037
72.3299;0.0606641;19.0405
73.6061;0.0624609;19.177
74.8914;0.0642969;19.313
76.1857;0.0661719;19.5255
77.489;0.0680859;19.5839
78.8013;0.0700391;19.7188
80.1226;0.0719922;19.8534
81.4529;0.0740234;19.9877
82.7921;0.0760937;20.198
84.1402;0.0782031;20.2552
85.4972;0.0803125;20.3875
86.8549;0.0824609;20.3684
88.2113;0.0846484;20.3478
89.57;0.0868359;20.418
90.9392;0.0890234;20.5743
92.3185;0.0912891;20.8068
93.7075;0.0935547;20.8687
95.1057;0.0958594;21.0072
96.5129;0.0982031;21.1408
97.9288;0.100586;21.2699
99.3531;0.103008;21.4665
100.786;0.105469;21.517
102.226;0.107969;21.6358
103.674;0.110508;21.752
105.13;0.113086;21.8659
106.593;0.115742;21.9779
108.064;0.118398;22.0883
109.542;0.121094;22.2614
111.027;0.123828;22.3685
112.519;0.126602;22.4111
114.019;0.129414;22.5166
115.525;0.132266;22.6213
117.038;0.135156;22.7252
118.558;0.138086;22.8285
120.085;0.141055;22.9931
121.619;0.144063;23.0334
123.16;0.147109;23.1351
124.707;0.150156;23.2364
126.261;0.153281;23.3986
127.822;0.156406;23.4379
129.39;0.159609;23.5382
130.964;0.162813;23.6991
132.545;0.166133;23.7378
134.132;0.169414;23.898
135.726;0.172773;23.9971
137.327;0.176133;24.0847
138.934;0.17957;24.134
140.548;0.183008;24.293
142.168;0.186523;24.3308
143.795;0.190078;24.4893
145.429;0.193672;24.5871
147.069;0.197305;24.6243
148.715;0.200977;24.7218
150.368;0.204687;24.819
152.028;0.208438;24.9161
153.694;0.212227;25.0732
155.366;0.216055;25.1699
157.045;0.219922;25.2664
158.73;0.223867;25.3026
160.422;0.227852;25.3988
162.12;0.231836;25.4948
163.824;0.235898;25.5906
165.535;0.239961;25.6862
167.252;0.244102;25.7817
168.976;0.248281;25.8769
170.705;0.2525;26.0319
172.442;0.256758;26.067
174.184;0.261055;26.1618
175.933;0.26543;26.2563
177.688;0.269805;26.4104
179.45;0.274258;26.445
181.217;0.27875;26.5391
182.991;0.283281;26.6925
184.771;0.287891;26.7267
186.558;0.292539;26.8202
188.35;0.297227;26.9136
190.149;0.301953;27.0663
191.954;0.306719;27.1593
193.766;0.311562;27.2521
195.583;0.316406;27.2854
197.407;0.321328;27.4373
199.237;0.326289;27.5296
201.073;0.331289;27.5625
202.915;0.336367;27.6545
204.763;0.341484;27.8056
206.617;0.346641;27.8972
208.478;0.351836;27.9296
210.344;0.35707;28.08
212.217;0.362383;28.1121
214.095;0.367773;28.2621
215.98;0.373164;28.3529
217.871;0.378633;28.3846
219.768;0.384141;28.5341
221.671;0.389687;28.6244
223.579;0.395312;28.6557
225.494;0.400977;28.7457
227.415;0.40668;28.8943
229.342;0.412461;28.9252
231.275;0.418281;29.0147
233.213;0.424141;29.104
235.158;0.430078;29.1932
237.109;0.436055;29.3267
239.065;0.44207;29.4154
241.028;0.448164;29.5183
242.996;0.454336;29.5483
244.971;0.460508;29.6807
246.951;0.466758;29.7833
248.937;0.473047;29.8128
250.929;0.479375;29.9007
252.926;0.485781;29.9884
253.927;0.488984;30.0321
254.93;0.492227;30.0759
255.934;0.495469;30.1196
256.939;0.498711;30.1633
257.946;0.501992;30.2069
258.955;0.505273;30.2505
259.964;0.508594;30.294
260.976;0.511914;30.3958
261.988;0.515234;30.381
263.002;0.518594;30.4244
264.018;0.521953;30.4678
265.035;0.525312;30.5111
266.053;0.528711;30.5976
267.073;0.532109;30.5976
268.095;0.535508;30.6408
269.117;0.538945;30.684
270.142;0.542383;30.7853
271.167;0.54582;30.7703
272.194;0.549336;30.8299
273.221;0.552813;30.8134
274.248;0.556289;30.7985
275.274;0.559766;30.7796
276.299;0.563281;30.7648
277.324;0.566797;30.798
278.35;0.570313;30.8352
279.377;0.573828;30.8205
280.406;0.577383;30.911
281.436;0.580938;30.8961
282.467;0.584492;30.9341
283.5;0.588047;31.0251
284.533;0.591641;31.0101
285.568;0.595234;31.0482
286.604;0.598828;31.0863
287.642;0.602461;31.1245
288.681;0.606094;31.1626
289.721;0.609727;31.2008
290.762;0.613359;31.2772
291.805;0.617031;31.3155
292.848;0.620703;31.3155
293.894;0.624375;31.4072
294.94;0.628086;31.4455
295.988;0.631797;31.4837
297.037;0.635508;31.4684
298.087;0.639258;31.5602
299.138;0.643008;31.5448
300.191;0.646758;31.583
301.245;0.650547;31.6211
302.3;0.654336;31.713
303.357;0.658125;31.7511
304.415;0.661953;31.7737
305.474;0.665781;31.7737
306.534;0.669648;31.8118
307.596;0.673516;31.8499
308.659;0.677383;31.9259
309.723;0.681289;31.9259
310.788;0.685234;31.9639
311.855;0.689141;32.0019
312.923;0.693086;32.0398
313.992;0.697031;32.0778
315.063;0.700977;32.1157
316.135;0.704961;32.1914
317.208;0.708945;32.1914
318.282;0.71293;32.2292
319.358;0.716953;32.267
320.434;0.720977;32.3047
321.512;0.725039;32.3961
322.592;0.729102;32.3801
323.672;0.733164;32.4178
324.754;0.737266;32.509
325.837;0.741367;32.493
326.922;0.745469;32.5306
328.007;0.749609;32.5681
329.094;0.75375;32.6057
330.182;0.757891;32.6806
331.271;0.76207;32.6806
332.362;0.76625;32.718
333.454;0.770469;32.8089
334.547;0.774687;32.8462
335.641;0.778906;32.83
336.737;0.783164;32.9208
337.834;0.787422;32.9046
338.932;0.79168;32.9418
340.031;0.795977;32.979
341.131;0.800273;33.0161
342.233;0.804609;33.1067
343.336;0.808984;33.1438
344.44;0.81332;33.1644
345.546;0.817695;33.1644
346.653;0.82207;33.2548
347.76;0.826445;33.2753
348.87;0.830859;33.3287
349.98;0.835273;33.3656
351.092;0.839727;33.3859
352.204;0.84418;33.3859
353.319;0.848633;33.4227
354.434;0.853125;33.4594
355.55;0.857617;33.4961
356.668;0.862109;33.5328
357.787;0.866641;33.6228
358.907;0.871172;33.6061
360.029;0.875742;33.696
361.151;0.880313;33.6792
362.275;0.884883;33.7158
363.4;0.889492;33.8055
364.526;0.894102;33.8251
365.654;0.89875;33.8784
366.783;0.903398;33.9147
367.913;0.908047;33.8979
369.044;0.912734;33.9342
370.176;0.917422;34.0237
371.31;0.922109;34.0068
372.444;0.926836;34.0961
373.58;0.931562;34.1323
374.717;0.936328;34.1153
375.856;0.941094;34.1514
376.995;0.945898;34.2407
378.136;0.950703;34.2236
379.278;0.955508;34.2596
380.421;0.960352;34.2956
381.566;0.965195;34.3846
382.711;0.970039;34.4034
383.858;0.974922;34.4034
385.006;0.979805;34.4392
386.155;0.984727;34.4751
387.305;0.989648;34.5109
388.457;0.99457;34.5466
389.61;0.999531;34.5823
390.764;1.00449;34.618
391.919;1.00949;34.6537
393.075;1.01449;34.6893
394.232;1.01949;34.7249
395.391;1.02453;34.7605
396.551;1.02957;34.796
397.712;1.03465;34.8316
398.874;1.04117;34.8659
400.037;1.05062;34.8982
401.201;1.06426;34.9268
402.365;1.08344;34.9501
403.53;1.11039;34.9663
404.696;1.14656;34.9713
405.861;1.19285;34.9679
407.025;1.25117;34.9237
408.189;1.32184;34.9237
409.351;1.40633;34.9196
410.512;1.50461;34.7896
411.671;1.61555;34.7896
412.829;1.73949;34.8024
413.985;1.87707;34.7151
415.138;2.0291;34.7189
416.288;2.19738;34.6369
417.435;2.38121;34.6239
418.577;2.58105;34.5715
419.714;2.79813;34.5101
420.847;3.03129;34.4532
421.974;3.28039;34.3635
423.097;3.54527;34.2862
424.216;3.82437;34.2862
425.329;4.11867;34.2577
426.437;4.42922;34.2679
427.539;4.75539;34.2319
428.635;5.0973;34.1634
429.723;5.45586;34.1237
430.806;5.82898;34.1434
431.882;6.21672;34.0795
432.954;6.6184;34.0761
434.019;7.03414;34.0737
435.077;7.46473;34.0712
436.129;7.90969;34.065
437.173;8.3693;34.0385
438.21;8.84324;34.0147
439.239;9.33191;34.046
440.26;9.83465;33.9877
441.272;10.3516;33.9573
442.276;10.8833;33.9533
443.271;11.4295;33.8795
444.257;11.9901;33.8332
445.234;12.5622;33.7964
446.203;13.1499;33.7712
447.166;13.7484;33.7497
448.118;14.3609;33.742
449.062;14.9861;33.7399
449.997;15.6241;33.7457
450.924;16.2744;33.758
451.842;16.9365;33.7767
452.752;17.6079;33.7988
453.654;18.2945;33.8252
454.549;18.9904;33.888
455.432;19.6979;33.9016
456.306;20.4168;33.8676
457.173;21.1455;33.9501
458.033;21.8829;33.9539
458.887;22.6278;33.9539
459.737;23.3842;33.9945
460.581;24.147;34.0669
461.416;24.9172;34.0669
462.246;25.6962;34.099
463.068;26.4829;34.1248
463.886;27.2767;34.161
464.7;28.0763;34.2008
465.509;28.8817;34.2408
466.315;29.696;34.279
467.116;30.5156;34.3071
467.908;31.3413;34.3339
468.694;32.175;34.353
469.472;33.0161;34.3631
470.241;33.8656;34.3626
471.002;34.7229;34.4212
471.757;35.5874;34.3756
472.505;36.4595;34.3906
473.246;37.3403;34.4024
473.976;38.2281;34.4482
474.695;39.1243;34.4018
475.403;40.0288;34.3922
476.1;40.9417;34.3733
476.784;41.8631;34.3431
477.455;42.7929;34.3063
478.113;43.7311;34.2616
478.758;44.6775;34.2086
479.387;45.6332;34.1433
480;46.5999;33.9726
480.597;47.5723;33.9726
481.175;48.5522;33.8871
481.737;49.5392;33.7898
482.282;50.5329;33.6861
482.811;51.5329;33.5755
483.322;52.5396;33.4603
483.812;53.5558;33.3152
484.284;54.5768;33.1997
484.733;55.6013;33.0713
485.162;56.63;32.9137
485.574;57.6622;32.6524
485.968;58.6987;32.6805
486.342;59.7394;32.5119
486.692;60.7854;32.3492
487.023;61.8328;32.2227
487.33;62.8802;32.0617
487.618;63.9295;31.9325
487.886;64.9798;31.8357
488.134;66.0319;31.6755
488.363;67.0843;31.5756
488.569;68.1375;31.4436
488.754;69.1904;31.2838
488.918;70.2417;31.1656
489.062;71.2915;31.0686
489.187;72.3412;30.9172
489.294;73.3905;30.9172
489.381;74.4387;30.8663
489.449;75.4856;30.8874
489.498;76.5313;30.8075
489.53;77.5749;30.795
489.542;78.6174;30.798
489.536;79.6581;30.8074
489.514;80.6973;30.8286
489.475;81.7349;30.9205
489.42;82.7715;30.8947
489.351;83.8066;30.9369
489.267;84.8408;31.0501
489.17;85.8745;31.1018
489.062;86.9075;31.1562
488.943;87.9405;31.1405
488.816;88.9739;31.1996
488.683;90.0083;31.3386
488.548;91.0444;31.3964
488.413;92.0821;31.3837
488.277;93.1214;31.4403
488.14;94.1623;31.5616
488.004;95.2047;31.5392
487.87;96.2491;31.5869
487.739;97.2955;31.7005
487.611;98.3435;31.6787
487.488;99.3936;31.7212
487.37;100.446;31.7584
487.259;101.499;31.7899
487.156;102.555;31.8149
487.062;103.612;31.8712
486.979;104.67;31.837
486.907;105.729;31.8361
486.846;106.789;31.8646
486.799;107.85;31.8078
486.764;108.912;31.8434
486.741;109.973;31.776
486.729;111.036;31.7717
486.73;112.099;31.7619
486.745;113.161;31.7496
486.776;114.222;31.733
486.82;115.283;31.7576
486.88;116.342;31.6965
486.952;117.401;31.6984
487.036;118.459;31.7034
487.134;119.516;31.7727
487.245;120.572;31.7338
487.368;121.627;31.798
487.505;122.679;31.8101
487.656;123.73;31.7751
487.82;124.779;31.7793
487.998;125.825;31.7783
488.188;126.87;31.8444
488.39;127.913;31.8059
488.601;128.955;31.8307
488.823;129.995;31.8613
489.056;131.034;31.8878
489.302;132.072;31.9105
489.561;133.107;31.9268
489.832;134.138;31.9369
490.113;135.166;32.0195
490.404;136.194;32.0486
490.703;137.22;32.0211
491.013;138.244;32.0503
491.332;139.265;32.0755
491.663;140.284;32.0954
492.005;141.299;32.1087
492.362;142.312;32.1592
492.729;143.322;32.1195
493.104;144.326;32.1398
493.489;145.329;32.1642
493.882;146.329;32.1895
494.285;147.326;32.2172
494.696;148.32;32.2472
495.116;149.312;32.2794
495.544;150.302;32.3135
495.981;151.292;32.3497
496.424;152.279;32.3832
496.874;153.262;32.4782
497.329;154.244;32.4566
497.79;155.224;32.5518
498.255;156.204;32.5309
498.724;157.183;32.624
499.198;158.161;32.6029
499.678;159.137;32.6831
500.164;160.112;32.6604
500.659;161.086;32.6811
501.158;162.056;32.7053
501.66;163.024;32.7367
502.167;163.992;32.7666
502.679;164.958;32.7955
503.196;165.922;32.8257
503.719;166.884;32.8525
504.249;167.844;32.922
504.787;168.8;32.9356
505.335;169.753;32.903
505.891;170.699;32.9525
506.455;171.64;32.9679
507.025;172.579;32.9261
507.602;173.514;32.9416
508.186;174.445;33.0132
508.778;175.373;32.9768
509.377;176.296;33.0517
509.983;177.216;33.0723
510.599;178.132;33.0393
511.222;179.043;33.0521
511.85;179.948;33.1031
512.484;180.852;33.1031
513.124;181.752;33.1287
513.77;182.649;33.156
514.42;183.544;33.1838
515.075;184.436;33.2125
515.734;185.327;33.2708
516.398;186.216;33.3261
517.065;187.103;33.2987
517.735;187.989;33.3281
518.407;188.874;33.3861
519.082;189.758;33.3861
519.759;190.642;33.471
520.438;191.525;33.498
521.119;192.408;33.4707
521.805;193.289;33.4948
522.495;194.167;33.5149
523.19;195.041;33.5301
523.891;195.911;33.538
524.598;196.777;33.5514
525.31;197.64;33.5676
526.026;198.5;33.5843
526.748;199.357;33.6009
527.476;200.209;33.6186
528.21;201.057;33.6375
528.949;201.901;33.6579
529.694;202.741;33.68
530.444;203.578;33.7032
531.198;204.41;33.7276
531.958;205.24;33.7535
532.722;206.067;33.7797
533.489;206.891;33.8068
534.261;207.713;33.835
535.036;208.532;33.8597
535.816;209.348;33.8815
536.602;210.159;33.9118
537.393;210.966;33.9321
538.188;211.769;33.9889
538.987;212.57;33.9572
539.79;213.369;33.9808
540.597;214.163;34.0057
541.409;214.956;34.0319
542.225;215.744;34.0578
543.045;216.53;34.1404
543.87;217.313;34.1144
544.697;218.093;34.1427
545.528;218.871;34.1731
546.363;219.648;34.2039
547.201;220.421;34.2309
548.043;221.191;34.2565
548.891;221.957;34.3196
549.742;222.717;34.2931
550.599;223.474;34.3456
551.459;224.23;34.3456
552.322;224.982;34.3714
553.19;225.731;34.4523
554.063;226.477;34.4264
554.94;227.217;34.4925
555.823;227.95;34.5055
556.714;228.677;34.4751
557.608;229.399;34.4914
558.507;230.116;34.5186
559.412;230.831;34.5437
560.32;231.539;34.5686
561.234;232.242;34.6001
562.154;232.941;34.6256
563.078;233.632;34.6927
564.009;234.317;34.667
564.946;234.994;34.6783
565.888;235.662;34.6835
566.839;236.321;34.6785
567.796;236.97;34.7075
568.758;237.61;34.6606
569.728;238.241;34.6598
570.703;238.865;34.6624
571.684;239.479;34.669
572.672;240.084;34.6811
573.666;240.681;34.6927
574.665;241.267;34.766
575.672;241.845;34.7363
576.683;242.415;34.7583
577.7;242.975;34.7918
578.723;243.527;34.8202
579.75;244.069;34.8894
580.785;244.601;34.8678
581.825;245.123;34.8824
582.869;245.634;34.8916
583.921;246.133;34.9217
584.978;246.62;34.8841
586.039;247.095;34.9044
587.108;247.556;34.8829
588.181;248.004;34.8228
589.26;248.438;34.7975
590.344;248.86;34.7654
591.433;249.27;34.7654
592.527;249.667;34.8128
593.626;250.051;34.7561
594.73;250.421;34.7588
595.838;250.777;34.8232
596.951;251.12;34.785
598.068;251.45;34.8057
599.189;251.767;34.8343
600.315;252.071;34.8591
601.442;252.362;34.9249
602.574;252.639;34.9309
603.711;252.905;34.9309
604.849;253.161;35.0259
605.991;253.407;35.011
607.137;253.643;35.0544
608.285;253.869;35.1004
609.437;254.087;35.2074
610.591;254.297;35.2567
611.748;254.5;35.3094
612.908;254.696;35.3044
614.071;254.886;35.415
615.235;255.072;35.4109
616.403;255.252;35.4654
617.572;255.428;35.5159
618.744;255.598;35.6054
619.918;255.761;35.6054
621.095;255.921;35.713
622.274;256.077;35.7067
623.455;256.23;35.8142
624.638;256.379;35.8087
625.823;256.524;35.86
627.01;256.666;35.9114
628.2;256.805;36.0143
629.391;256.94;36.0143
630.585;257.073;36.1207
631.78;257.203;36.1723
632.977;257.331;36.1691
634.177;257.457;36.2207
635.378;257.582;36.2721
636.581;257.705;36.3237
637.786;257.826;36.4289
638.992;257.947;36.4262
640.201;258.067;36.5309
641.411;258.186;36.5282
642.623;258.305;36.6325
643.836;258.423;36.63
645.052;258.541;36.6807
646.269;258.659;36.7314
647.487;258.777;36.8347
648.708;258.894;36.8323
649.93;259.012;36.8826
651.153;259.13;36.9855
652.379;259.247;37.0334
653.606;259.365;37.0334
654.835;259.483;37.0837
656.065;259.601;37.1338
657.297;259.719;37.184
658.531;259.837;37.2338
659.766;259.956;37.2837
661.002;260.075;37.3856
662.241;260.194;37.3839
663.481;260.313;37.4339
664.723;260.432;37.4839
665.967;260.551;37.5339
667.212;260.671;37.5837
668.459;260.792;37.6847
669.707;260.912;37.6831
670.956;261.032;37.733
672.208;261.153;37.8331
673.462;261.273;37.8331
674.716;261.394;37.8829
675.973;261.516;37.9329
677.231;261.637;37.9827
678.491;261.759;38.0322
679.752;261.881;38.1328
681.015;262.003;38.1317
682.279;262.125;38.2321
683.546;262.248;38.2828
684.814;262.37;38.2817
686.084;262.493;38.3826
687.355;262.617;38.3815
688.628;262.741;38.431
689.902;262.864;38.4808
691.178;262.988;38.5306
692.456;263.112;38.5811
693.736;263.236;38.6817
695.017;263.36;38.6807
696.299;263.487;38.7298
697.583;263.616;38.776
698.868;263.751;38.8186
700.153;263.891;38.8913
701.437;264.038;38.8848
702.723;264.195;38.9394
704.008;264.36;38.9159
705.293;264.536;38.9318
706.579;264.719;38.9491
707.863;264.913;38.9657
709.147;265.116;38.9832
710.43;265.331;39.0031
711.711;265.555;39.0252
712.993;265.791;39.0548
714.273;266.035;39.0823
715.552;266.292;39.1549
716.83;266.559;39.1549
718.105;266.838;39.1895
719.38;267.128;39.2196
720.652;267.43;39.2435
721.921;267.742;39.2615
723.19;268.068;39.2696
724.453;268.403;39.2694
725.714;268.754;39.2876
726.97;269.119;39.2412
728.222;269.499;39.2378
729.468;269.895;39.1688
730.709;270.306;39.113
731.945;270.734;39.0678
733.174;271.177;38.9653
734.392;271.633;38.8926
735.605;272.108;38.793
736.809;272.6;38.7046
738.003;273.109;38.5599
739.187;273.637;38.429
740.36;274.181;38.2897
741.523;274.747;38.1413
742.673;275.329;37.9742
743.804;275.927;37.8311
744.926;276.544;37.5386
746.036;277.174;37.5386
747.132;277.823;37.4121
748.213;278.488;37.2376
749.28;279.169;36.8698
750.331;279.876;36.8921
751.364;280.593;36.6976
752.371;281.327;36.5471
753.367;282.077;36.4077
754.347;282.839;36.2781
755.313;283.616;36.1282
756.26;284.408;36.0311
757.19;285.214;35.8728
758.099;286.042;35.6797
758.988;286.885;35.5059
759.849;287.736;35.3727
760.692;288.599;35.2362
761.517;289.472;35.1007
762.324;290.357;34.9646
763.114;291.252;34.8016
763.883;292.158;34.6564
764.631;293.073;34.4833
765.353;294.01;34.2787
766.054;294.954;34.083
766.723;295.902;33.9524
767.376;296.859;33.8173
768.007;297.821;33.7033
768.619;298.792;33.589
769.212;299.77;33.4784
769.786;300.756;33.3555
770.337;301.748;33.2474
770.861;302.756;33.0775
771.362;303.77;32.9039
771.834;304.785;32.7963
772.283;305.805;32.695
772.712;306.829;32.5912
773.122;307.856;32.4846
773.511;308.886;32.3798
773.881;309.919;32.2664
774.23;310.954;32.1432
774.56;311.993;31.9627
774.861;313.036;31.7797
775.136;314.082;31.6029
775.387;315.125;31.4229
775.609;316.164;31.2694
775.811;317.204;31.068
775.993;318.241;30.8986
776.155;319.275;30.7665
776.297;320.306;30.6001
776.418;321.335;30.4147
776.519;322.359;30.1667
776.596;323.382;29.7624
776.645;324.401;29.7624
776.676;325.413;29.5404
776.677;326.414;29.3541
776.619;328.4;29.0032
776.484;330.363;28.7417
776.274;332.304;28.5337
775.986;334.221;28.3424
775.616;336.112;28.2352
775.17;337.97;28.1711
774.654;339.8;28.1142
774.07;341.603;28.1298
773.425;343.381;28.2114
772.723;345.137;28.2996
771.972;346.874;28.3923
771.18;348.597;28.4976
770.355;350.31;28.5507
769.504;352.019;28.6627
768.637;353.726;28.8347
767.757;355.436;28.8915
766.867;357.151;29.0038
765.97;358.869;29.1166
765.069;360.593;29.2283
764.163;362.322;29.3408
763.248;364.056;29.449
762.312;365.789;29.5417
761.347;367.509;29.6067
760.348;369.211;29.6784
759.307;370.89;29.6398
758.208;372.539;29.5787
757.054;374.144;29.4758
755.847;375.7;29.3096
754.591;377.204;29.0673
753.289;378.647;28.7696
751.932;380.027;28.4996
750.528;381.336;28.2642
749.079;382.574;27.9888
747.59;383.741;27.742
746.063;384.834;27.5195
744.493;385.844;27.2221
742.898;386.767;27.0088
741.274;387.616;26.8422
739.625;388.394;26.7497
737.954;389.102;26.7126
736.257;389.733;26.7176
734.542;390.292;26.7311
732.811;390.784;26.816
731.064;391.222;26.9159
729.303;391.614;27.0354
727.527;391.968;27.1623
725.736;392.293;27.2943
723.936;392.6;27.4765
722.126;392.891;27.5961
720.307;393.176;27.7036
718.48;393.454;27.8234
716.645;393.726;27.8703
714.798;393.997;28.0403
712.947;394.266;28.144
711.09;394.537;28.1854
709.226;394.808;28.3451
707.356;395.078;28.4399
705.477;395.349;28.4811
703.591;395.621;28.5727
701.702;395.896;28.6663
699.806;396.173;28.7578
697.906;396.451;28.8478
696;396.728;28.9386
694.08;397.009;29.0225
692.164;397.304;29.1461
690.248;397.624;29.158
688.331;397.969;29.2255
686.416;398.333;29.2891
684.493;398.735;29.3457
682.586;399.182;29.3524
680.693;399.679;29.3723
678.815;400.229;29.3331
676.957;400.835;29.2344
675.119;401.512;29.0357
673.318;402.249;28.9679
671.555;403.053;28.7905
669.833;403.922;28.5927
668.156;404.856;28.3795
666.529;405.86;28.1254
664.964;406.932;27.8699
663.466;408.066;27.7531
662.018;409.252;27.5986
660.624;410.489;27.5403
659.287;411.777;27.4976
658.014;413.129;27.4151
656.815;414.523;27.3566
655.677;415.958;27.3041
654.597;417.431;27.2535
653.577;418.941;27.2021
652.617;420.486;27.1472
651.725;422.069;27.0728
650.9;423.682;27.031
650.145;425.321;26.9131
649.457;426.985;26.8596
648.84;428.67;26.7275
648.293;430.375;26.6375
647.811;432.096;26.6104
647.39;433.835;26.6208
647.033;435.586;26.6698
646.733;437.351;26.7467
646.489;439.126;26.8601
646.3;440.91;26.8892
646.163;442.701;27.0159
646.066;444.501;27.1036
646.003;446.31;27.1593
645.971;448.126;27.3396
645.963;449.95;27.3912
645.976;451.781;27.505
646.01;453.619;27.6147
646.056;455.465;27.7286
646.111;457.317;27.9017
646.175;459.177;27.9517
646.244;461.043;28.1202
646.318;462.918;28.2267
646.395;464.798;28.2746
646.474;466.685;28.3804
646.553;468.58;28.4853
646.634;470.482;28.5895
646.715;472.39;28.6931
646.798;474.305;28.8509
646.881;476.226;28.9535
646.963;478.155;29.0559
647.046;480.091;29.1579
647.129;482.033;29.2558
647.214;483.982;29.3053
647.299;485.937;29.4081
647.383;487.899;29.564
647.467;489.869;29.6121
647.552;491.844;29.7677
647.638;493.827;29.8135
647.725;495.816;29.9162
647.811;497.813;30.0183
647.853;498.813;30.1236
647.896;499.816;30.1742
647.939;500.82;30.1711
647.983;501.824;30.2203
648.027;502.832;30.2733
648.071;503.842;30.3762
648.115;504.852;30.3734
648.159;505.865;30.4782
648.203;506.879;30.4753
648.246;507.895;30.526
648.289;508.913;30.5769
648.333;509.932;30.6275
648.376;510.953;30.6782
648.419;511.974;30.7253
648.459;513;30.8193
648.496;514.026;30.8159
648.526;515.054;30.8529
648.549;516.082;30.9057
648.562;517.112;30.9057
648.564;518.142;30.9528
648.555;519.173;30.9251
648.533;520.204;30.9189
648.497;521.235;30.9004
648.449;522.264;30.8728
648.384;523.295;30.8285
648.303;524.323;30.8056
648.209;525.348;30.7145
648.095;526.369;30.6606
647.968;527.389;30.6023
647.824;528.406;30.5586
647.664;529.42;30.5194
647.487;530.431;30.4871
647.294;531.437;30.456
647.086;532.439;30.4264
646.857;533.439;30.3883
646.612;534.431;30.3526
646.35;535.416;30.3428
646.071;536.393;30.278
645.775;537.365;30.2295
645.462;538.329;30.2124
645.132;539.286;30.0839
644.785;540.235;30.0839
644.421;541.176;30.0303
644.042;542.109;29.9766
643.645;543.035;29.9143
643.229;543.951;29.8725
642.799;544.858;29.7757
641.889;546.634;29.6789
640.916;548.369;29.5121
639.881;550.059;29.3979
638.787;551.702;29.2564
637.63;553.296;29.0732
636.419;554.835;29.0152
635.161;556.326;28.9723
633.847;557.764;28.8516
632.49;559.152;28.8206
631.079;560.478;28.7166
629.624;561.741;28.6178
628.129;562.94;28.5224
626.595;564.082;28.5227
625.023;565.172;28.4509
623.41;566.208;28.4866
621.77;567.185;28.5183
620.103;568.118;28.6595
618.411;569.014;28.6812
616.699;569.88;28.7752
614.964;570.724;28.8668
613.221;571.55;29.027
611.468;572.366;29.0492
609.706;573.178;29.1362
607.935;573.99;29.2829
606.157;574.803;29.3592
604.379;575.614;29.4325
602.595;576.426;29.4451
600.807;577.242;29.5167
599.01;578.056;29.5827
597.205;578.858;29.6995
595.396;579.656;29.7034
593.579;580.448;29.7657
591.755;581.234;29.8281
589.92;582.013;29.8865
588.079;582.774;29.9306
586.225;583.512;30.0049
584.359;584.226;30.046
583.422;584.576;30.0088
582.483;584.92;30.0287
581.538;585.259;30.0508
580.592;585.591;30.1243
579.644;585.915;30.0912
578.692;586.232;30.1073
577.737;586.541;30.1728
576.78;586.844;30.1379
575.82;587.142;30.1612
574.857;587.435;30.1851
573.893;587.722;30.2669
572.925;588.004;30.2619
571.955;588.282;30.3152
570.983;588.553;30.2847
570.01;588.818;30.3519
569.033;589.077;30.3197
568.055;589.327;30.368
567.074;589.568;30.3811
566.09;589.802;30.3417
565.105;590.029;30.3574
564.117;590.25;30.3751
563.126;590.465;30.4495
562.133;590.672;30.465
561.139;590.871;30.4783
560.143;591.062;30.4869
559.144;591.243;30.4486
558.144;591.417;30.4656
557.142;591.584;30.4862
556.139;591.746;30.5078
555.133;591.901;30.5306
554.126;592.05;30.5545
553.117;592.192;30.5757
552.106;592.326;30.5921
551.095;592.452;30.6477
550.082;592.569;30.6635
549.068;592.679;30.6843
548.052;592.783;30.7041
547.035;592.883;30.6895
546.017;592.976;30.6895
544.998;593.063;30.7122
543.977;593.144;30.7366
542.954;593.22;30.7857
541.931;593.291;30.7857
540.907;593.356;30.808
539.882;593.415;30.8265
538.857;593.466;30.8969
537.83;593.513;30.8873
536.802;593.555;30.8873
535.773;593.594;30.9364
534.743;593.628;30.9364
533.712;593.659;30.9609
532.68;593.685;30.9861
531.648;593.708;31.0681
530.615;593.728;31.0372
529.581;593.743;31.0601
528.545;593.756;31.0861
527.51;593.767;31.1118
526.473;593.776;31.1939
525.435;593.782;31.1633
524.396;593.787;31.1892
523.357;593.79;31.2708
522.317;593.792;31.2962
521.276;593.793;31.3216
520.234;593.793;31.3468
519.191;593.792;31.372
518.147;593.791;31.3971
517.103;593.789;31.3912
516.058;593.786;31.3912
515.012;593.784;31.4161
513.965;593.78;31.4409
512.917;593.775;31.5162
511.869;593.768;31.4852
510.82;593.755;31.5027
509.771;593.741;31.5821
508.72;593.726;31.6052
507.669;593.708;31.628
506.617;593.688;31.5956
505.564;593.665;31.6739
504.511;593.64;31.697
503.457;593.611;31.7204
502.402;593.581;31.6888
501.347;593.547;31.71
500.291;593.508;31.7281
499.235;593.468;31.7518
498.178;593.426;31.8304
497.12;593.381;31.7984
496.061;593.334;31.8217
495.002;593.284;31.8453
493.942;593.233;31.8688
492.882;593.18;31.8925
491.82;593.125;31.9162
490.758;593.069;31.9399
489.696;593.012;31.9636
488.632;592.953;31.9873
487.568;592.893;32.0661
486.503;592.833;32.0346
485.438;592.772;32.0585
484.371;592.71;32.0821
483.304;592.648;32.1056
482.236;592.586;32.1294
481.168;592.523;32.1528
480.098;592.459;32.1762
479.028;592.396;32.1997
477.957;592.332;32.2766
476.886;592.267;32.2967
475.814;592.199;32.2653
474.741;592.126;32.2816
473.669;592.048;32.3332
472.597;591.962;32.2977
471.526;591.867;32.2921
470.455;591.764;32.3421
469.385;591.653;32.2904
468.315;591.536;32.2937
467.246;591.41;32.2966
466.177;591.275;32.355
465.109;591.132;32.3084
464.042;590.979;32.318
462.977;590.818;32.3304
461.912;590.649;32.345
460.848;590.471;32.3616
459.785;590.286;32.3802
458.723;590.094;32.4004
457.661;589.896;32.4771
456.6;589.692;32.4443
455.539;589.483;32.5234
454.478;589.269;32.4915
453.417;589.051;32.5722
452.357;588.829;32.5407
451.296;588.604;32.6216
450.235;588.376;32.6469
449.174;588.146;32.6156
448.112;587.913;32.638
447.051;587.675;32.6579
445.991;587.432;32.6858
444.932;587.183;32.6858
443.873;586.929;32.7037
442.814;586.672;32.7252
441.755;586.411;32.7455
440.696;586.145;32.7655
439.638;585.875;32.787
438.581;585.6;32.8087
437.524;585.32;32.8536
436.467;585.037;32.9086
435.411;584.749;32.8767
434.355;584.458;32.9007
433.298;584.163;32.9246
432.243;583.864;32.9464
431.188;583.561;32.9789
430.135;583.251;32.9789
429.081;582.937;33.0565
428.028;582.621;33.0786
426.975;582.301;33.099
425.923;581.976;33.0662
424.873;581.645;33.1292
423.823;581.307;33.0944
422.777;580.961;33.0997
421.733;580.606;33.0973
420.693;580.241;33.118
419.658;579.866;33.0988
418.627;579.478;33.0801
417.6;579.081;33.0106
416.577;578.673;32.9702
415.558;578.255;32.9702
414.543;577.825;32.9382
413.533;577.383;32.9889
412.53;576.93;32.9842
411.533;576.466;32.9261
410.54;575.991;32.9716
409.553;575.505;32.92
408.574;575.007;32.9093
407.601;574.497;32.8928
406.636;573.974;32.8954
405.679;573.434;32.8253
404.73;572.883;32.7808
403.793;572.32;32.8
402.863;571.746;32.7113
401.938;571.164;32.7113
401.02;570.571;32.757
400.108;569.968;32.6959
399.205;569.354;32.6897
398.311;568.725;32.6771
397.425;568.083;32.6911
396.551;567.432;32.628
395.691;566.77;32.6033
394.835;566.098;32.5567
393.989;565.416;32.5567
393.153;564.724;32.5221
392.328;564.021;32.4786
391.514;563.307;32.46
390.714;562.577;32.3653
389.925;561.836;32.292
389.152;561.086;32.2202
388.394;560.325;32.15
387.646;559.555;32.0998
386.912;558.775;32.0139
386.192;557.984;31.8896
385.488;557.184;31.7924
384.798;556.375;31.7257
384.126;555.55;31.5714
383.47;554.718;31.4452
382.836;553.876;31.2084
382.217;553.027;31.2084
381.614;552.17;31.1166
381.029;551.305;30.9619
380.462;550.432;30.8683
379.913;549.553;30.5994
379.382;548.667;30.5994
378.872;547.77;30.4441
378.382;546.867;30.3019
377.912;545.959;30.1601
377.463;545.048;29.9027
377.033;544.13;29.9027
376.622;543.209;29.7767
376.23;542.284;29.6534
375.858;541.355;29.5394
375.174;539.486;29.3055
374.572;537.602;29.0919
374.045;535.711;28.9713
373.589;533.811;28.9009
373.203;531.905;28.9439
372.888;529.992;28.8934
372.636;528.072;28.9253
372.438;526.149;28.9769
372.292;524.221;29.0146
372.186;522.29;29.076
372.111;520.353;29.2157
372.059;518.412;29.2137
372.033;516.467;29.3221
372.038;514.519;29.2934
372.073;512.568;29.3395
372.13;510.614;29.4537
372.211;508.659;29.4401
372.316;506.7;29.4897
372.441;504.739;29.6076
372.585;502.775;29.5998
372.747;500.811;29.6976
372.935;498.847;29.7164
373.157;496.885;29.7214
373.414;494.927;29.6803
373.712;492.973;29.6631
374.061;491.03;29.6064
374.459;489.098;29.5553
374.902;487.175;29.5355
375.391;485.265;29.5331
375.925;483.366;29.6045
376.503;481.48;29.6353
377.117;479.604;29.6254
377.763;477.736;29.6782
378.437;475.874;29.7394
379.13;474.016;29.8012
379.839;472.159;29.8651
380.559;470.302;29.9302
381.287;468.443;30.0531
382.021;466.581;30.0585
382.388;465.651;30.0873
382.757;464.718;30.1215
383.127;463.784;30.1526
383.499;462.851;30.1821
383.873;461.918;30.2115
384.249;460.983;30.2436
384.625;460.048;30.3323
385.003;459.112;30.3073
385.382;458.175;30.3392
385.762;457.238;30.3701
386.143;456.301;30.4034
386.528;455.362;30.4343
386.915;454.425;30.4614
387.308;453.489;30.4865
387.707;452.555;30.5065
388.113;451.622;30.5194
388.524;450.693;30.5398
388.942;449.763;30.5644
389.363;448.835;30.6405
389.791;447.91;30.6266
390.229;446.987;30.682
390.671;446.066;30.6509
391.12;445.148;30.6763
391.576;444.231;30.706
392.038;443.316;30.7349
392.504;442.404;30.764
392.978;441.493;30.8501
393.458;440.584;30.8751
393.943;439.679;30.8532
394.436;438.776;30.8773
394.935;437.875;30.9089
395.438;436.975;30.9415
395.945;436.077;31.0312
396.459;435.179;31.011
396.978;434.285;31.0859
397.504;433.395;31.0648
398.039;432.508;31.0946
398.585;431.624;31.1267
399.141;430.746;31.1263
399.707;429.876;31.0859
400.284;429.015;31.0724
400.871;428.161;31.0801
401.47;427.315;31.014
402.08;426.479;31.0094
402.702;425.653;30.926
403.336;424.834;30.888
403.979;424.025;30.86
404.638;423.223;30.8315
405.311;422.431;30.7794
405.992;421.652;30.7794
406.683;420.889;30.7828
407.384;420.132;30.7836
408.094;419.385;30.7899
408.814;418.647;30.8034
409.542;417.918;30.8769
410.279;417.198;30.8997
411.024;416.485;30.8693
411.779;415.779;30.8966
412.545;415.078;30.9247
413.315;414.385;30.9455
414.086;413.702;30.9782
414.864;413.021;31.0105
415.645;412.344;31.0392
416.432;411.671;31.0712
417.222;411;31.1023
418.015;410.332;31.1342
418.811;409.666;31.2242
419.611;409.001;31.1958
420.417;408.335;31.2251
421.222;407.671;31.2463
422.025;407.011;31.2766
422.831;406.35;31.3621
423.636;405.689;31.3296
424.442;405.025;31.4118
425.248;404.36;31.3791
426.054;403.695;31.4049
426.861;403.029;31.43
427.669;402.361;31.4541
428.479;401.69;31.4775
429.287;401.019;31.4964
430.092;400.349;31.5197
430.9;399.678;31.542
431.708;399.009;31.5759
432.519;398.342;31.6328
433.332;397.675;31.5966
434.145;397.008;31.6168
434.96;396.342;31.6364
435.777;395.676;31.6551
436.599;395.01;31.6736
437.421;394.348;31.7394
438.245;393.692;31.7059
439.073;393.039;31.7059
439.905;392.393;31.7063
440.741;391.75;31.7147
441.58;391.109;31.7261
442.421;390.472;31.7374
443.267;389.839;31.749
444.116;389.21;31.8168
444.971;388.583;31.7737
445.828;387.961;31.7826
446.685;387.345;31.7968
447.546;386.732;31.8107
448.409;386.12;31.8817
449.272;385.508;31.8414
450.135;384.895;31.912
451;384.283;31.8716
451.865;383.671;31.9422
452.73;383.059;31.9566
453.597;382.444;31.9687
454.463;381.829;31.9242
455.327;381.213;31.9369
456.19;380.596;31.9494
457.052;379.978;32.0171
457.914;379.358;31.9843
458.776;378.737;32.0405
459.637;378.115;31.9962
460.498;377.492;32.0175
461.358;376.866;32.0175
462.218;376.235;32.0708
463.073;375.601;32.0233
463.922;374.964;32.0205
464.768;374.321;32.01
465.609;373.672;32.0028
466.447;373.019;32.0028
467.282;372.362;32.0573
468.113;371.699;32.0008
468.939;371.032;32.0014
469.761;370.356;31.9992
470.577;369.672;31.9909
471.386;368.983;32.0176
472.185;368.287;31.9943
472.978;367.583;31.9287
473.761;366.871;31.8475
474.535;366.15;31.8475
475.299;365.42;31.7968
476.051;364.683;31.741
476.792;363.935;31.6735
477.521;363.174;31.5871
478.236;362.403;31.4951
478.937;361.624;31.4269
479.621;360.837;31.2956
480.292;360.041;31.1834
480.948;359.236;31.0658
481.588;358.422;30.97
482.211;357.599;30.8122
482.817;356.768;30.7115
483.406;355.93;30.5706
483.974;355.078;30.3656
484.523;354.22;30.2394
485.053;353.356;30.0421
485.563;352.487;29.8796
486.054;351.61;29.7078
486.976;349.843;29.3973
487.815;348.055;29.0423
488.571;346.253;28.6755
489.231;344.436;28.2452
489.797;342.615;27.9344
490.277;340.79;27.5738
490.669;338.967;27.3164
490.976;337.147;27.0182
491.199;335.335;26.794
491.338;333.534;26.492
491.395;331.746;26.4032
491.377;329.97;26.2829
491.281;328.212;26.1486
491.113;326.47;25.9955
490.874;324.747;25.9095
490.573;323.039;25.8944
490.217;321.343;25.9155
489.807;319.659;25.9704
489.353;317.986;26.0434
488.86;316.318;26.1344
488.339;314.655;26.2254
487.797;312.991;26.3982
487.241;311.326;26.4155
486.676;309.657;26.5823
486.105;307.983;26.5959
485.526;306.308;26.7418
484.926;304.629;26.7979
484.315;302.956;26.8854
483.692;301.277;26.9616
483.054;299.599;26.9786
482.397;297.922;27.046
481.716;296.251;27.1726
481.022;294.58;27.1846
480.311;292.911;27.2584
479.578;291.246;27.3612
478.813;289.592;27.3497
478.012;287.955;27.393
477.17;286.338;27.4043
476.29;284.739;27.353
475.364;283.166;27.317
474.388;281.629;27.2823
473.363;280.126;27.2261
472.292;278.657;27.1461
471.18;277.218;27.1987
470.024;275.815;27.1677
468.827;274.446;27.1984
467.588;273.116;27.2507
466.311;271.825;27.2446
464.993;270.576;27.1947
463.638;269.371;27.1692
462.244;268.211;27.1228
460.812;267.099;27.16
459.349;266.026;27.167
457.857;264.995;27.2149
456.332;264.002;27.2168
454.778;263.05;27.29
453.197;262.14;27.3501
451.591;261.271;27.3881
449.965;260.444;27.4487
448.311;259.661;27.4163
446.63;258.934;27.4423
444.928;258.263;27.4547
443.205;257.635;27.419
441.469;257.051;27.4685
439.713;256.508;27.5438
437.932;256.008;27.6232
436.14;255.553;27.7695
434.335;255.138;27.834
432.521;254.759;27.8449
430.698;254.419;27.886
428.854;254.131;27.9
427.004;253.905;27.9013
425.147;253.726;27.926
423.284;253.598;27.9495
421.42;253.522;27.9633
419.549;253.509;27.9369
417.68;253.562;27.8919
415.822;253.69;27.8133
413.972;253.885;27.7778
412.131;254.142;27.7337
410.301;254.452;27.7412
408.47;254.824;27.7591
406.663;255.265;27.7881
404.874;255.769;27.8325
403.105;256.335;27.8251
401.358;256.959;27.8002
399.622;257.638;27.8303
397.903;258.363;27.8803
396.209;259.142;27.9275
394.54;259.976;27.9884
392.899;260.864;27.9912
391.287;261.803;27.9545
389.694;262.795;28.0535
388.13;263.827;28.0499
386.596;264.907;28.094
385.087;266.029;28.1683
383.601;267.188;28.2587
382.135;268.386;28.342
380.694;269.618;28.4011
379.287;270.888;28.4774
377.914;272.197;28.4604
376.578;273.547;28.4693
375.273;274.931;28.5041
373.999;276.355;28.5574
372.76;277.81;28.6817
371.553;279.298;28.7588
370.379;280.816;28.8283
369.237;282.363;28.8568
368.116;283.934;28.9543
367.014;285.526;29.0549
365.928;287.136;29.2146
364.858;288.764;29.3025
363.81;290.413;29.3306
362.78;292.079;29.4253
361.762;293.764;29.522
360.759;295.462;29.6181
359.769;297.175;29.766
358.791;298.903;29.8577
357.831;300.647;29.9548
356.879;302.404;29.996
356.407;303.289;30.0438
355.939;304.176;30.1465
355.474;305.064;30.1962
355.01;305.956;30.2444
354.547;306.851;30.2384
354.085;307.749;30.288
353.625;308.649;30.3375
353.165;309.551;30.387
352.706;310.455;30.4365
352.248;311.362;30.5409
351.79;312.272;30.5351
351.333;313.184;30.5821
350.876;314.096;30.6286
350.42;315.009;30.6776
349.964;315.925;30.7267
349.505;316.843;30.8289
349.047;317.762;30.8228
348.587;318.682;30.9256
348.127;319.604;30.9738
347.667;320.527;30.9677
347.206;321.452;31.0155
346.745;322.381;31.0637
346.283;323.309;31.107
345.822;324.238;31.1553
345.36;325.169;31.2509
344.896;326.102;31.3043
344.432;327.035;31.3521
343.966;327.97;31.3993
343.499;328.906;31.4467
343.032;329.844;31.4402
342.565;330.783;31.4868
342.097;331.724;31.5336
341.629;332.668;31.6325
341.16;333.612;31.6252
340.69;334.555;31.6712
340.214;335.5;31.7147
339.735;336.443;31.7534
339.249;337.385;31.7884
338.76;338.325;31.8292
338.267;339.267;31.8721
337.773;340.206;31.9092
337.273;341.147;31.9525
336.768;342.089;32.0456
336.26;343.03;32.0886
335.747;343.967;32.1224
335.229;344.904;32.1224
334.706;345.84;32.1654
334.18;346.776;32.2101
333.649;347.711;32.3056
333.115;348.645;32.3407
332.579;349.577;32.3316
332.036;350.507;32.3684
331.486;351.443;32.4116
330.935;352.376;32.4924
330.38;353.305;32.4924
329.821;354.234;32.5363
329.258;355.163;32.5784
328.69;356.09;32.6221
328.12;357.017;32.6653
327.548;357.943;32.7042
326.973;358.869;32.7498
326.394;359.797;32.7946
325.81;360.728;32.8391
325.224;361.658;32.9134
324.634;362.581;32.9134
324.039;363.504;32.9485
323.437;364.424;32.9764
322.828;365.34;32.9982
322.213;366.252;33.0253
321.595;367.163;33.0515
320.972;368.07;33.0851
320.339;368.982;33.116
319.699;369.889;33.1395
319.051;370.787;33.1602
318.394;371.677;33.2183
317.728;372.561;33.1881
317.052;373.438;33.189
316.365;374.307;33.1794
315.669;375.167;33.1959
314.964;376.019;33.1437
314.247;376.861;33.1125
313.513;377.696;33.0584
312.771;378.52;33.0068
312.019;379.326;32.9479
311.257;380.127;32.9479
310.486;380.916;32.9231
309.704;381.695;32.9041
308.912;382.462;32.8913
308.11;383.219;32.886
307.299;383.966;32.8896
306.478;384.701;32.8993
305.645;385.427;32.9094
304.804;386.141;32.9238
303.958;386.844;33.0054
303.103;387.538;32.9822
302.24;388.224;33.0094
301.372;388.902;33.0795
300.494;389.57;33.0567
299.609;390.23;33.072
298.719;390.879;33.0831
297.82;391.518;33.0865
296.912;392.147;33.1195
295.999;392.766;33.0808
295.078;393.372;33.0698
294.148;393.967;33.0499
293.212;394.551;33.0881
292.268;395.123;33.0877
291.317;395.686;33.0306
290.36;396.238;33.0345
289.396;396.778;33.0443
288.424;397.307;33.0604
287.446;397.825;33.0791
286.463;398.332;33.1351
285.472;398.827;33.1903
284.476;399.312;33.1685
283.474;399.788;33.2433
282.466;400.252;33.2433
281.453;400.707;33.2752
280.435;401.15;33.3592
279.411;401.585;33.4004
278.383;402.013;33.4435
277.351;402.434;33.4308
276.314;402.848;33.4786
275.274;403.255;33.5847
274.229;403.657;33.5762
273.181;404.053;33.6856
272.129;404.445;33.6784
271.074;404.833;33.7295
270.017;405.217;33.7817
268.955;405.596;33.8303
267.891;405.971;33.8752
266.823;406.339;33.9165
265.751;406.701;33.9949
264.677;407.058;33.9949
263.599;407.412;34.0422
262.519;407.761;34.0882
261.435;408.107;34.1342
260.348;408.447;34.1814
259.258;408.783;34.2287
258.166;409.114;34.2763
257.07;409.442;34.3252
255.971;409.765;34.4288
254.87;410.085;34.423
253.767;410.402;34.5276
252.661;410.717;34.5224
251.552;411.029;34.572
250.441;411.339;34.622
249.328;411.647;34.6718
248.214;411.954;34.7759
247.097;412.259;34.7713
245.977;412.562;34.8687
244.856;412.862;34.9106
243.731;413.157;34.9052
242.604;413.45;35.0068
241.476;413.741;35.0002
240.345;414.03;35.0481
239.211;414.316;35.1485
238.076;414.6;35.1962
236.938;414.88;35.2438
235.797;415.158;35.2387
234.655;415.433;35.3399
233.51;415.707;35.3882
232.363;415.978;35.3837
231.215;416.247;35.4319
230.064;416.514;35.481
228.911;416.78;35.5294
227.756;417.045;35.578
226.599;417.309;35.6268
225.44;417.572;35.7278
224.28;417.834;35.7238
223.118;418.096;35.7724
221.954;418.358;35.8731
220.789;418.619;35.9176
219.621;418.88;35.9176
218.452;419.14;36.014
217.282;419.401;36.014
216.11;419.662;36.0622
214.936;419.923;36.1101
213.76;420.184;36.1583
212.583;420.445;36.2582
211.405;420.707;36.3063
210.225;420.968;36.3023
209.043;421.23;36.3979
207.86;421.492;36.3979
206.675;421.755;36.4976
205.488;422.018;36.5454
204.3;422.281;36.5932
203.111;422.544;36.5891
201.919;422.808;36.6884
200.727;423.072;36.6843
199.533;423.336;36.7835
198.337;423.601;36.7794
197.14;423.866;36.827
195.941;424.131;36.8746
194.74;424.396;36.9218
193.538;424.662;37.0169
192.335;424.928;37.0682
191.13;425.195;37.1158
189.923;425.462;37.163
188.715;425.729;37.2102
187.505;425.996;37.2576
186.294;426.264;37.3006
185.081;426.532;37.352
183.867;426.8;37.3992
182.651;427.068;37.3951
181.434;427.337;37.4935
180.215;427.606;37.4894
178.994;427.876;37.5364
177.773;428.146;37.5834
176.549;428.416;37.6305
175.324;428.686;37.7245
174.097;428.957;37.7245
172.869;429.228;37.7715
171.64;429.499;37.8695
170.409;429.77;37.8653
169.175;430.041;37.911
167.94;430.308;37.9991
166.703;430.572;38.0288
165.463;430.83;38.0775
164.222;431.085;38.1204
162.977;431.336;38.1604
161.732;431.584;38.19
160.483;431.827;38.19
159.232;432.066;38.2303
157.979;432.299;38.2714
156.723;432.527;38.3641
155.465;432.75;38.3567
154.205;432.968;38.4509
152.942;433.181;38.4448
151.678;433.391;38.4895
150.411;433.595;38.5322
149.142;433.792;38.57
147.871;433.983;38.6297
146.597;434.165;38.6768
145.322;434.341;38.7148
144.044;434.512;38.7004
142.764;434.677;38.788
141.482;434.836;38.8267
140.198;434.989;38.8655
138.911;435.135;38.9056
137.623;435.274;38.8967
136.333;435.407;38.9901
135.041;435.535;39.0339
133.747;435.657;39.0275
132.451;435.773;39.0727
131.153;435.885;39.1615
129.853;435.992;39.2068
128.551;436.092;39.1998
127.248;436.188;39.2455
125.943;436.28;39.3429
124.636;436.369;39.3888
123.328;436.453;39.4349
122.017;436.535;39.4297
120.706;436.613;39.5235
119.391;436.688;39.5725
118.076;436.759;39.5673
116.759;436.824;39.6081
115.441;436.884;39.6864
114.12;436.939;39.6864
112.798;436.991;39.7299
111.475;437.04;39.8245
110.15;437.084;39.8169
108.823;437.123;39.9114
107.495;437.159;39.9557
106.165;437.19;39.9978
104.833;437.216;40.0365
103.501;437.235;40.0803
102.166;437.251;40.1237
100.831;437.263;40.1165
99.4934;437.27;40.1611
98.1545;437.274;40.2564
96.8143;437.274;40.2958
95.4726;437.271;40.2958
94.1294;437.264;40.3413
92.7848;437.252;40.384
91.4391;437.235;40.4652
90.0925;437.211;40.4566
88.7442;437.182;40.4974
87.3947;437.151;40.5902
86.0438;437.114;40.581
84.6916;437.073;40.623
83.3381;437.028;40.6654
81.9835;436.977;40.7084
80.6276;436.922;40.8023
79.2704;436.863;40.7957
77.9119;436.799;40.84
76.5525;436.731;40.8813
75.1921;436.656;40.9185
73.8304;436.577;40.9623
72.4675;436.495;41.0058
71.1033;436.409;41.0937
69.7379;436.32;41.0937
68.3714;436.227;41.1379
67.0035;436.13;41.1826
65.6345;436.03;41.278
64.2642;435.927;41.2723
62.8927;435.821;41.3174
61.5198;435.712;41.4133
60.1456;435.601;41.4584
58.7701;435.489;41.4529
57.3934;435.374;41.4982
56.0152;435.257;41.594
54.6356;435.139;41.5885
53.2547;435.02;41.6336
51.8726;434.898;41.7233
50.4893;434.772;41.7171
49.1054;434.642;41.7529
47.7213;434.504;41.7825
46.3361;434.362;41.817
44.95;434.215;41.8537
43.563;434.064;41.8891
42.1753;433.907;41.9244
40.7871;433.744;41.9601
39.3982;433.575;42.0458
38.0091;433.399;42.0833
36.6194;433.218;42.0724
35.2293;433.03;42.1611
33.8388;432.836;42.1518
32.4476;432.637;42.1928
31.0559;432.433;42.2344
29.6634;432.223;42.2766
28.2705;432.01;42.3191
26.8767;431.792;42.3622
25.4822;431.569;42.4055
24.0868;431.344;42.4995
22.6906;431.115;42.4928
21.2933;430.883;42.5366
19.8949;430.649;42.631
18.4954;430.412;42.6243
17.0953;430.172;42.7116
15.6947;429.927;42.7037
14.294;429.677;42.7756
12.8937;429.419;42.8109
11.493;429.156;42.7958
10.0914;428.888;42.8305
8.6895;428.615;42.9135
7.28803;428.337;42.8971
5.88633;428.052;42.961
4.48537;427.759;42.961
3.0853;427.457;43.0249
1.68663;427.145;43.0034
0.289628;426.824;43.0114
-1.10526;426.489;43.0053
-2.49671;426.145;43.0053
-3.88747;425.791;43.0084
-5.27499;425.425;43.0024
-6.65924;425.046;42.9861
-8.03916;424.653;42.9577
-9.41515;424.244;42.9098
-10.7851;423.819;42.8654
-12.1466;423.378;42.7702
-13.5024;422.921;42.6787
-14.8506;422.448;42.5756
-16.1907;421.96;42.4601
-17.5232;421.454;42.3204
-18.8473;420.929;42.1574
-20.1599;420.386;41.979
-21.4588;419.825;41.8331
-22.7478;419.248;41.6429
-24.0251;418.656;41.4402
-25.2908;418.044;41.2261
-26.5439;417.417;40.9789
-27.7797;416.766;40.6825
-28.9981;416.102;40.406
-30.1988;415.421;40.1053
-31.3837;414.724;39.7927
-32.5518;414.014;39.4639
-33.7024;413.289;39.123
-34.8347;412.552;38.777
-35.9483;411.796;38.362
-37.041;411.025;37.91
-38.1042;410.243;37.5597
-39.1478;409.448;37.1731
-40.1703;408.642;36.7907
-41.1719;407.824;36.4702
-42.1526;406.995;36.134
-43.1083;406.145;35.7162
-44.0421;405.289;35.3013
-44.9414;404.423;34.7683
-45.8194;403.547;34.7683
-46.6756;402.664;34.4889
-47.5092;401.772;34.0386
-48.3201;400.871;34.0386
-49.109;399.962;33.8221
-49.8661;399.036;33.5151
-50.5955;398.102;33.1784
-51.2854;397.161;32.9461
-51.9486;396.216;32.7699
-52.5901;395.267;32.5902
-53.21;394.312;32.4239
-53.8075;393.352;32.26
-54.3725;392.378;31.9859
-54.9143;391.395;31.7265
-55.4263;390.428;31.5612
-55.9088;389.452;31.3732
-56.3586;388.467;31.2765
-56.789;387.48;31.1888
-57.1997;386.49;31.1467
-57.5909;385.497;31.0483
-57.957;384.494;31.02
-58.3084;383.489;30.9008
-58.6353;382.493;30.8898
-58.9417;381.489;30.9619
-59.2266;380.482;30.9586
-59.4982;379.472;31.0648
-59.758;378.463;31.0835
-60.0081;377.455;31.1275
-60.2515;376.443;31.1318
-60.4892;375.431;31.1215
-60.7248;374.422;31.1533
-60.9612;373.416;31.1141
-61.2002;372.409;31.1087
-61.4425;371.403;31.1087
-61.6909;370.398;31.1542
-61.9468;369.396;31.0914
-62.2108;368.395;31.137
-62.4824;367.397;31.0799
-62.7625;366.402;31.1327
-63.0506;365.408;31.0811
-63.346;364.417;31.0847
-63.6493;363.428;31.0932
-63.9608;362.442;31.1454
-64.2807;361.458;31.0976
-64.6096;360.478;31.0976
-64.9485;359.501;31.0899
-65.2948;358.527;31.0913
-65.6471;357.554;31.1015
-66.0062;356.583;31.1132
-66.3713;355.615;31.125
-66.7433;354.648;31.1411
-67.1223;353.683;31.2018
-67.508;352.722;31.2093
-67.9027;351.764;31.2106
-68.3055;350.808;31.1764
-68.7147;349.856;31.2362
-69.13;348.905;31.2512
-69.5503;347.955;31.2112
-69.9762;347.008;31.2293
-70.4088;346.062;31.2514
-70.8469;345.118;31.2682
-71.2918;344.178;31.2834
-71.7455;343.24;31.2953
-72.2049;342.306;31.3007
-72.6714;341.374;31.3414
-73.1435;340.443;31.391
-73.6191;339.515;31.3583
-74.1025;338.589;31.3826
-74.5935;337.665;31.4008
-75.089;336.746;31.4557
-75.595;335.83;31.4625
-76.1113;334.918;31.4249
-76.6308;334.013;31.4216
-77.1634;333.111;31.4284
-77.703;332.211;31.4345
-78.2477;331.317;31.4446
-78.8028;330.427;31.5107
-79.3673;329.541;31.4697
-79.9395;328.662;31.4724
-80.5222;327.79;31.4735
-81.1153;326.922;31.4843
-81.7164;326.058;31.5008
-82.325;325.201;31.5201
-82.9436;324.348;31.5471
-83.5705;323.5;31.5738
-84.206;322.658;31.6607
-84.8497;321.82;31.6376
-85.5011;320.988;31.6731
-86.1595;320.159;31.7105
-86.8245;319.335;31.7494
-87.4956;318.514;31.7895
-88.1731;317.697;31.8776
-88.8574;316.884;31.8588
-89.5484;316.076;31.8865
-90.2466;315.273;31.9397
-90.9509;314.475;31.9397
-91.6596;313.678;31.9761
-92.3734;312.884;32.0696
-93.0923;312.093;32.0489
-93.8163;311.305;32.1245
-94.5454;310.52;32.1245
-95.2792;309.738;32.163
-96.0172;308.958;32.2019
-96.7592;308.18;32.2413
-97.5049;307.404;32.2809
-98.2539;306.63;32.3207
-99.0061;305.856;32.3605
-99.761;305.084;32.4003
-100.519;304.313;32.4376
-101.282;303.545;32.4718
-102.049;302.78;32.5022
-102.822;302.019;32.5269
-103.601;301.264;32.5447
-104.387;300.516;32.5527
-105.18;299.774;32.5797
-105.979;299.038;32.5797
-106.784;298.305;32.6499
-107.595;297.58;32.6118
-108.414;296.862;32.6634
-109.242;296.154;32.6219
-110.078;295.456;32.616
-110.922;294.769;32.6017
-111.774;294.091;32.5945
-112.634;293.421;32.5956
-113.5;292.76;32.6027
-114.373;292.108;32.6131
-115.254;291.465;32.6275
-116.142;290.831;32.6458
-117.037;290.205;32.668
-117.938;289.588;32.6923
-118.845;288.98;32.7211
-119.758;288.378;32.7521
-120.677;287.784;32.7852
-121.601;287.196;32.8759
-122.529;286.614;32.8563
-123.462;286.036;32.8936
-124.4;285.464;32.932
-125.341;284.895;32.9694
-126.285;284.33;33.0084
-127.233;283.767;33.0472
-128.183;283.207;33.0858
-129.135;282.648;33.1246
-130.09;282.091;33.1632
-131.047;281.535;33.2017
-132.006;280.98;33.2402
-132.967;280.425;33.2784
-133.929;279.87;33.3151
-134.893;279.317;33.3515
-135.86;278.767;33.3847
-136.83;278.22;33.4142
-137.803;277.674;33.45
-138.777;277.129;33.541
-139.753;276.586;33.5204
-140.732;276.044;33.5554
-141.713;275.504;33.5897
-142.697;274.967;33.6252
-143.683;274.431;33.6601
-144.671;273.896;33.7498
-145.661;273.364;33.7304
-146.653;272.832;33.7656
-147.647;272.302;33.8554
-148.643;271.772;33.8363
-149.64;271.244;33.8715
-150.639;270.716;33.9069
-151.64;270.188;33.9423
-152.642;269.661;33.9774
-153.646;269.134;34.0669
-154.651;268.606;34.048
-155.657;268.079;34.083
-156.664;267.552;34.1185
-157.673;267.024;34.1536
-158.683;266.497;34.1885
-159.694;265.969;34.2775
-160.706;265.44;34.2588
-161.719;264.911;34.2939
-162.734;264.382;34.3291
-163.749;263.852;34.3639
-164.766;263.322;34.3991
-165.783;262.791;34.4342
-166.802;262.26;34.5227
-167.822;261.728;34.5044
-168.842;261.196;34.5393
-169.864;260.663;34.5743
-170.887;260.129;34.6095
-171.911;259.595;34.6444
-172.935;259.061;34.6794
-173.961;258.526;34.7146
-174.988;257.99;34.7496
-176.016;257.454;34.7846
-177.045;256.917;34.8198
-178.075;256.379;34.8547
-179.106;255.842;34.9429
-180.138;255.303;34.9249
-181.171;254.764;34.9598
-182.205;254.224;34.9948
-183.24;253.684;35.03
-184.276;253.143;35.065
-185.313;252.602;35.1531
-186.352;252.06;35.1352
-187.391;251.518;35.1701
-188.43;250.974;35.2039
-189.469;250.427;35.2356
-190.508;249.875;35.2636
-191.543;249.318;35.2862
-192.576;248.754;35.3011
-193.605;248.182;35.3047
-194.628;247.6;35.2991
-195.646;247.008;35.2813
-196.657;246.406;35.2616
-197.664;245.795;35.2415
-198.665;245.174;35.2259
-199.66;244.543;35.211
-200.648;243.901;35.1991
-201.628;243.249;35.1915
-202.602;242.586;35.1887
-203.568;241.912;35.191
-204.527;241.228;35.1982
-205.478;240.534;35.2103
-206.423;239.83;35.2268
-207.36;239.116;35.2474
-208.291;238.394;35.2716
-209.216;237.663;35.2989
-210.136;236.923;35.3289
-211.05;236.176;35.361
-211.959;235.422;35.3949
-212.864;234.662;35.4302
-213.765;233.895;35.4665
-214.662;233.123;35.5594
-215.557;232.346;35.5973
-216.45;231.565;35.5794
-217.34;230.779;35.6177
-218.23;229.99;35.656
-219.117;229.197;35.6913
-220.001;228.4;35.7232
-220.882;227.597;35.7947
-221.758;226.789;35.7731
-222.629;225.973;35.7874
-223.493;225.15;35.8246
-224.349;224.319;35.7858
-225.197;223.479;35.7692
-226.037;222.631;35.7513
-226.868;221.774;35.7336
-227.692;220.91;35.7209
-228.507;220.037;35.7088
-229.314;219.155;35.6995
-230.11;218.265;35.6944
-230.897;217.366;35.7454
-231.674;216.458;35.6983
-232.441;215.543;35.7074
-233.199;214.619;35.7213
-233.947;213.688;35.7393
-234.687;212.749;35.7613
-235.419;211.803;35.7867
-236.142;210.85;35.815
-236.858;209.891;35.8458
-237.567;208.926;35.8787
-238.269;207.955;35.9132
-238.966;206.979;35.9489
-239.658;205.998;35.9857
-240.345;205.013;36.0231
-241.029;204.024;36.0611
-241.709;203.031;36.0993
-242.386;202.034;36.1377
-243.062;201.035;36.1761
-243.735;200.033;36.2709
-244.407;199.029;36.3089
-245.078;198.022;36.2907
-245.748;197.013;36.3285
-246.417;196.002;36.3641
-247.082;194.988;36.3967
-247.744;193.97;36.4695
-248.401;192.948;36.4487
-249.052;191.921;36.4638
-249.694;190.889;36.4674
-250.329;189.851;36.4731
-250.956;188.809;36.4792
-251.578;187.761;36.5417
-252.192;186.709;36.4964
-252.798;185.651;36.506
-253.396;184.587;36.5698
-253.984;183.518;36.5324
-254.564;182.444;36.5499
-255.135;181.365;36.5703
-255.698;180.281;36.5935
-256.254;179.192;36.6191
-256.801;178.098;36.6998
-257.342;177;36.6765
-257.876;175.898;36.7581
-258.403;174.791;36.7357
-258.922;173.681;36.7593
-259.432;172.566;36.8176
-259.934;171.446;36.7888
-260.426;170.322;36.7917
-260.907;169.193;36.7837
-261.376;168.06;36.7679
-261.833;166.922;36.742
-262.276;165.779;36.7042
-262.705;164.631;36.6532
-263.119;163.479;36.5884
-263.516;162.322;36.5096
-263.898;161.162;36.4742
-264.265;159.997;36.3523
-264.617;158.829;36.2847
-264.953;157.657;36.2212
-265.273;156.482;36.1639
-265.576;155.304;36.1141
-265.862;154.123;36.0725
-266.132;152.939;36.0395
-266.385;151.754;36.0152
-266.622;150.565;35.9996
-266.843;149.375;35.9922
-267.047;148.183;35.9863
-267.235;146.99;35.9793
-267.406;145.795;36.0055
-267.561;144.6;35.9541
-267.699;143.404;35.9324
-267.819;142.207;35.9027
-267.925;141.01;35.8814
-268.015;139.811;35.8711
-268.092;138.612;35.8749
-268.156;137.412;35.8841
-268.206;136.211;35.8989
-268.243;135.01;35.9187
-268.267;133.808;35.943
-268.278;132.606;35.9714
-268.279;131.402;36.0031
-268.268;130.199;36.0377
-268.247;128.994;36.1337
-268.217;127.789;36.1131
-268.178;126.584;36.2129
-268.132;125.377;36.1939
-268.078;124.17;36.2309
-268.015;122.962;36.2632
-267.944;121.755;36.2901
-267.863;120.547;36.3105
-267.772;119.339;36.3228
-267.669;118.132;36.3245
-267.555;116.926;36.3187
-267.427;115.722;36.3026
-267.288;114.518;36.2869
-267.136;113.316;36.2729
-266.973;112.114;36.3211
-266.799;110.914;36.2579
-266.611;109.715;36.2539
-266.411;108.519;36.2539
-266.198;107.325;36.3126
-265.973;106.132;36.2675
-265.735;104.942;36.2812
-265.485;103.755;36.2991
-265.223;102.569;36.321
-264.95;101.385;36.3463
-264.667;100.204;36.3748
-264.374;99.0241;36.4058
-264.071;97.846;36.439
-263.759;96.6697;36.4688
-263.436;95.4956;36.494
-263.104;94.3238;36.5134
-262.761;93.1548;36.526
-262.409;91.9875;36.5474
-262.051;90.8211;36.634
-261.685;89.656;36.6062
-261.311;88.4922;36.6371
-260.93;87.3297;36.7257
-260.543;86.1686;36.7024
-260.148;85.0086;36.7931
-259.747;83.8497;36.7719
-259.34;82.6916;36.8078
-258.928;81.5343;36.9005
-258.51;80.3776;36.8809
-258.089;79.2212;36.918
-257.663;78.0651;36.9552
-257.232;76.9096;36.9892
-256.796;75.7552;37.0195
-256.353;74.6024;37.0451
-255.903;73.4518;37.0646
-255.445;72.3041;37.075
-254.976;71.1602;37.075
-254.497;70.0206;37.0973
-254.006;68.8862;37.0428
-253.503;67.7576;37.0061
-252.986;66.6357;36.9827
-252.456;65.5213;36.9229
-251.912;64.4144;36.8129
-251.355;63.3148;36.7415
-250.786;62.2224;36.6775
-250.203;61.1381;36.6162
-249.606;60.0625;36.56
-248.996;58.9959;36.56
-248.372;57.9386;36.4685
-247.735;56.8908;36.4345
-247.084;55.8526;36.4089
-246.421;54.8241;36.3915
-245.744;53.8057;36.3759
-245.054;52.7979;36.3594
-244.351;51.8007;36.375
-243.634;50.8147;36.2855
-242.906;49.84;36.3269
-242.165;48.8756;36.2651
-241.412;47.9206;36.258
-240.649;46.9746;36.2612
-239.875;46.0376;36.2855
-239.091;45.1096;36.2855
-238.296;44.1904;36.3617
-237.491;43.2795;36.3306
-236.677;42.3766;36.4164
-235.854;41.4813;36.449
-235.023;40.5929;36.4262
-234.183;39.7109;36.4631
-233.336;38.8356;36.4963
-232.481;37.9671;36.5247
-231.619;37.1057;36.5916
-230.748;36.2519;36.563
-229.869;35.4062;36.5705
-228.983;34.5673;36.5857
-228.09;33.7338;36.6078
-227.191;32.9055;36.6333
-226.285;32.0829;36.6877
-225.373;31.2662;36.6877
-224.454;30.4554;36.7174
-223.529;29.6502;36.7488
-222.598;28.8515;36.7767
-221.66;28.0597;36.8465
-220.715;27.2756;36.8596
-219.762;26.4998;36.8792
-218.803;25.7306;36.8452
-217.839;24.9664;36.8706
-216.87;24.2079;36.8966
-215.894;23.4552;36.9767
-214.912;22.7095;36.948
-213.924;21.9715;36.9673
-212.929;21.2418;36.9804
-211.928;20.5213;37.022
-210.919;19.8108;36.9813
-209.903;19.1113;36.9966
-208.879;18.4234;36.9716
-207.848;17.7476;36.9057
-206.81;17.0849;36.8593
-205.763;16.4358;36.8005
-204.71;15.8014;36.6442
-203.649;15.1823;36.6442
-202.581;14.5781;36.5594
-201.505;13.9887;36.4789
-200.424;13.4134;36.4605
-199.335;12.8533;36.3441
-198.24;12.3088;36.2859
-197.139;11.7802;36.2357
-196.032;11.2677;36.1615
-194.919;10.7712;36.1615
-193.801;10.2906;36.1891
-192.677;9.8259;36.1232
-191.548;9.37676;36.1169
-190.414;8.94359;36.1122
-189.275;8.52645;36.1066
-188.132;8.12551;36.0978
-186.985;7.74078;36.0839
-185.834;7.3707;36.082
-184.678;7.01379;36.0947
-183.519;6.66992;36.1129
-182.355;6.33879;36.1363
-181.189;6.01996;36.2217
-180.018;5.71277;36.2538
-178.844;5.41656;36.2301
-177.667;5.13055;36.2672
-176.487;4.85387;36.3062
-175.304;4.58574;36.3467
-174.119;4.32523;36.4486
-172.93;4.07148;36.4303
-171.739;3.82367;36.4728
-170.546;3.58094;36.5154
-169.351;3.34254;36.558
-168.153;3.10914;36.597
-166.954;2.88133;36.632
-165.752;2.65992;36.6622
-164.548;2.44223;36.7602
-163.342;2.22746;36.7981
-162.134;2.01609;36.777
-160.925;1.80824;36.8151
-159.713;1.60391;36.9109
-158.5;1.40293;36.8909
-157.285;1.2052;36.9288
-156.068;1.01035;36.9666
-154.849;0.818242;37.0043
-153.629;0.628516;37.0419
-152.407;0.440937;37.0793
-151.184;0.25668;37.1655
-149.959;0.0767578;37.1455
-148.732;-0.0976172;37.2161
-147.504;-0.265117;37.1931
-146.274;-0.4275;37.2201
-145.042;-0.586445;37.2499
-143.808;-0.740742;37.2788
-142.573;-0.889805;37.3077
-141.336;-1.03332;37.3372
-140.098;-1.16996;37.3847
-138.858;-1.29875;37.4286
-137.616;-1.41871;37.4001
-136.374;-1.52879;37.4079
-135.13;-1.62781;37.4509
-133.885;-1.71715;37.409
-132.639;-1.79789;37.471
-131.391;-1.87016;37.4285
-130.143;-1.93316;37.4408
-128.893;-1.98648;37.5075
-127.643;-2.03008;37.4723
-126.391;-2.06402;37.5441
-125.139;-2.08855;37.5141
-123.886;-2.10398;37.5911
-122.633;-2.11074;37.618
-121.378;-2.10922;37.5937
-120.123;-2.09992;37.6238
-118.867;-2.0834;37.6552
-117.61;-2.06156;37.6914
-116.352;-2.03625;37.731
-115.093;-2.00543;37.7668
-113.833;-1.9702;37.8575
-112.572;-1.93156;37.875
-111.31;-1.89023;37.875
-110.047;-1.84687;37.9107
-108.783;-1.80195;37.9463
-107.518;-1.7559;37.9816
-106.252;-1.71055;38.0163
-104.984;-1.66754;38.0959
-103.715;-1.62859;38.0757
-102.446;-1.59148;38.1623
-101.175;-1.55598;38.1397
-99.9024;-1.52301;38.2244
-98.6292;-1.49312;38.2018
-97.3548;-1.46668;38.2329
-96.0793;-1.44379;38.2642
-94.8027;-1.42434;38.3485
-93.525;-1.40828;38.3275
-92.2462;-1.39555;38.4123
-90.9664;-1.3859;38.3919
-89.6855;-1.3791;38.4243
-88.4035;-1.375;38.457
-87.1204;-1.37328;38.4897
-85.8363;-1.37379;38.5554
-84.5511;-1.37625;38.5554
-83.2648;-1.38051;38.5883
-81.9774;-1.38629;38.6211
-80.6889;-1.39344;38.7066
-79.3994;-1.40176;38.6867
-78.1088;-1.41109;38.772
-76.8171;-1.42129;38.8046
-75.5243;-1.43223;38.7847
-74.2304;-1.44379;38.8696
-72.9355;-1.45586;38.902
-71.6395;-1.46836;38.9343
-70.3425;-1.48121;38.9143
-69.0443;-1.49434;38.9465
-67.7451;-1.50766;38.9786
-66.4448;-1.52121;39.0629
-65.1435;-1.5348;39.0427
-63.8411;-1.54855;39.0747
-62.5376;-1.56234;39.1066
-61.2331;-1.57617;39.1385
-59.9275;-1.59008;39.2222
-58.6209;-1.60395;39.202
-57.3132;-1.61785;39.2336
-56.0044;-1.63172;39.2968
-54.6946;-1.64562;39.2968
-53.3837;-1.65945;39.3284
-52.0718;-1.67328;39.3598
-50.7589;-1.68707;39.3913
-49.4449;-1.7009;39.4227
-48.1298;-1.71469;39.454
-46.8137;-1.72691;39.4842
-45.4967;-1.73629;39.564
-44.1786;-1.74547;39.5431
-42.8595;-1.75387;39.5739
-41.5393;-1.76113;39.6563
-40.2182;-1.76695;39.6353
-38.8959;-1.77125;39.7175
-37.5727;-1.77398;39.7481
-36.2484;-1.77523;39.7273
-34.9231;-1.775;39.758
-33.5968;-1.77336;39.7887
-32.2695;-1.77047;39.8195
-30.9411;-1.76637;39.8503
-29.6118;-1.76113;39.8811
-28.2814;-1.75496;39.9634
-26.95;-1.74785;39.9941
-25.6175;-1.73996;40.0249
-24.2841;-1.73137;40.0041
-22.9496;-1.72215;40.0348
-21.6142;-1.71238;40.0962
-20.2777;-1.70215;40.0962
-18.9402;-1.69152;40.1268
-17.6017;-1.67902;40.156
-16.2624;-1.6634;40.1826
-14.922;-1.64738;40.2131
-13.5807;-1.63035;40.2947
-12.2384;-1.61199;40.2732
-10.895;-1.59203;40.3031
-9.55073;-1.57047;40.333
-8.20546;-1.54723;40.363
-6.85922;-1.52238;40.393
-5.51202;-1.49602;40.423
-4.16385;-1.46812;40.4531
-2.81471;-1.43887;40.4832
